0.000000000000000000e+00,1.205087194958811767e-02,-1.144286328381698137e-02,-1.161906824959570497e-02,-2.495261638704106624e-02,-1.194929868335612919e-02,1.628333253578279766e-02,-1.416192393269224969e-02,-1.138063034861280798e-02,-4.773636499749689052e-03,-2.351478533106896897e-03,-5.749902766285994171e-03,3.516782455944487441e-03,7.000108388998660218e-03,-2.510690819013942053e-03,-2.797338863096244990e-03,1.087119170092142734e-03,-1.059093152616157052e-02,-1.304932253400279893e-02,-2.122481261625009524e-02,7.820212232656149898e-02,-3.684057414425892605e-03,2.171522773000083423e-02,-1.268841323984639877e-02,-2.847934752440612304e-03,-1.512501813683891179e-03,-7.369939884778319017e-03,9.605761463335480213e-03,-1.438862961053117596e-02,-1.887325047275851750e-02,7.287427085764394685e-03,-1.412712111708440757e-02,-7.455430511466791532e-03,-4.554099052908138628e-03,-7.165216144451405991e-03,-1.767375509646433585e-02,-1.149760355828461679e-02,2.495162052808983996e-02,1.063750876138129867e-02,2.122568343506475372e-02,-3.976586659674841498e-03,-5.071879120228181201e-03,-1.645670524458107921e-03,1.042683570677822164e-02,8.208499805751065873e-03,-8.163939619502680052e-05,-2.100016777951506028e-02,-3.320550701271796946e-03,3.066440549931212511e-02,-1.230914925989738500e-02,3.027234339858498290e-03,1.491935373739242121e-02,2.021400563390390783e-03,9.672566242021069915e-04,-7.088571457543652379e-03,9.249124455652391746e-03,4.536371802464354494e-03,1.018989057999009594e-02,-1.844784565411371896e-02,-9.010118624543622667e-03,1.081493488196464368e-02,1.622605202742987557e-02,-1.681380218711812230e-02
1.205087194958811767e-02,0.000000000000000000e+00,-8.679278564185535436e-03,-1.086886843138552480e-02,6.007305668794054102e-03,-4.302856162715538828e-03,-4.351790349086006107e-03,-5.568997824996964850e-03,1.487373685566373369e-03,3.209186960634360843e-03,-1.492102258155063310e-02,5.469222022914450865e-03,-1.625305790337478601e-02,7.431814741917436469e-03,2.062541349529576924e-03,-4.297444589029463316e-03,5.732606684263815214e-03,2.338790857465062462e-02,-3.253921153828700976e-03,1.433714821369690660e-02,2.052655127578343480e-02,1.131237004651039534e-03,1.429882718679533794e-02,-6.293645233447259409e-03,-8.665181871792732721e-03,-4.933630387691068965e-03,-3.459751104029631322e-03,-9.969892376783549837e-03,-5.696848285904920414e-03,-4.211133621528025811e-03,-3.725829175352086964e-03,-1.014306062906885839e-02,-1.337848587988326766e-02,1.288582704375715836e-02,3.202353711161072536e-03,-1.496843573814827209e-02,6.213879501895775218e-03,1.583354008540308749e-02,-1.161179423724358409e-02,7.146467614988044961e-03,-3.841613579607039246e-03,-1.055757436985569828e-02,-1.174871958378060320e-02,-4.896110759844733533e-03,5.889632893263347735e-04,-4.715681948737266913e-03,-8.194073387925633958e-03,-1.033270385313020748e-02,5.549255688249907052e-03,1.453072950402968175e-02,-4.755602162008228280e-03,1.338007070773843989e-02,-1.162387196363306660e-02,1.259196581346374785e-02,-7.211665808544974812e-03,1.729272975976869648e-03,4.784616194993113018e-03,6.600161036519381925e-04,-3.750154382570118714e-03,-4.713266756211799587e-03,-4.647538203776734739e-03,-9.879911700966468799e-03,-7.539823649427211845e-03
-1.144286328381698137e-02,-8.679278564185535436e-03,0.000000000000000000e+00,-2.053887702962554906e-02,1.733041836289280282e-02,-1.408516754979518767e-02,1.297313628422504771e-02,-9.112413232860452905e-03,-1.816164376253642104e-02,-7.524163343349292085e-03,1.888155634432579083e-02,-1.301907102630630794e-02,9.915435157727222129e-03,-1.536229322153356315e-02,-6.894693725681302725e-03,1.309351033868683990e-02,9.800075720233232101e-04,-9.727509450822310541e-03,3.645454828227025906e-02,2.562661373934638220e-02,6.542647999247218349e-03,1.049815059364020940e-02,1.324521953101806190e-02,8.265894961794227136e-04,-6.641670279994837771e-03,-1.773675280679570462e-02,-1.284688986268137621e-02,2.602009619032858920e-02,1.446463623863897784e-02,4.044111684726955924e-02,1.291557644531814240e-03,8.791478937224431883e-03,-1.602595904533405877e-02,-1.462908514227499387e-02,-6.403770245634443810e-03,-1.351584337874383104e-02,-1.046147662319614827e-02,-5.941844582921974524e-03,3.869905084776252731e-03,1.369644295187379644e-02,-5.684573644971594418e-03,1.946921394052066392e-02,6.556872182732686669e-03,8.828575630142880982e-04,-3.379853476797765703e-03,-7.385846396290617240e-03,2.952847711155468652e-02,5.198845206339699349e-03,1.852353909425705908e-02,-3.663238327329582794e-03,-2.044305657000277700e-03,-3.980965626061682902e-03,1.326367311250774891e-03,4.903907892266081217e-03,1.299906718300843436e-02,7.775425353486653882e-03,-8.908457614496441412e-03,4.752581242789504293e-03,8.387985922106159370e-03,2.172556231280332179e-02,1.464488267689708322e-02,-2.213193170541049182e-03,2.682442554620579830e-02
-1.161906824959570497e-02,-1.086886843138552480e-02,-2.053887702962554906e-02,0.000000000000000000e+00,-1.878979899053433850e-02,-1.198406744072371202e-02,-1.651741206099117260e-02,-1.249220377439120080e-02,-1.161321120878340205e-02,-1.050483845579485570e-02,-6.668029771103776981e-03,-1.738367569222739467e-02,-4.013852667207104541e-02,-8.765058992212037409e-03,-1.767599424890476528e-02,-2.557694003570315511e-02,-1.637654690894050497e-02,-1.069229142776563501e-02,-8.999989546356008951e-03,-2.207557354034945726e-02,-3.433893678130359953e-03,2.061653851553410868e-02,-8.377971194986903042e-03,-1.487213448638294647e-02,-6.464722761136164515e-03,-1.268436080257739386e-02,1.450136228700365376e-03,-8.834180878540541168e-03,-2.101617562098992767e-02,-2.801527186335092375e-04,-1.493394207633800576e-02,-1.029054007784078149e-02,-9.257501917817460499e-03,-1.928681496933046940e-02,-1.943437110635713727e-02,-2.240109146578423555e-02,-1.416080276840659194e-02,1.670299590957706470e-04,1.114202654720059839e-02,-2.163316835916888684e-02,3.310044505141778066e-03,1.041059411284330806e-02,-3.040319835175865973e-02,-2.973794571536583081e-02,-1.809422035863735706e-02,-3.186918740167466596e-02,-5.687910740122972472e-03,-1.210727730081271117e-02,-1.389019145075589060e-02,-1.359750261012760385e-02,-1.463909701637989072e-02,-2.365804283578975750e-02,-2.394167810404391333e-02,-7.105219313554877666e-03,-1.738106079113018246e-02,-7.850454994639283895e-03,9.986114708314119959e-03,-1.239324863873281918e-02,-1.041620499107425227e-02,-6.280975681832015383e-04,-1.123057012696663561e-02,-8.970585481141518658e-03,-1.888303057695572091e-03
-2.495261638704106624e-02,6.007305668794054102e-03,1.733041836289280282e-02,-1.878979899053433850e-02,0.000000000000000000e+00,-2.363795643179204126e-02,-1.453977945712167999e-02,-1.024722323282606894e-02,-2.351863960406456663e-02,-1.090582398837243103e-02,-1.031897319505803955e-02,-1.002513890355579210e-02,-2.734236929501904917e-02,-1.171665915152506759e-02,-1.560526160775072349e-02,-1.599859571488453786e-02,-1.656963323459469811e-02,-1.602782190926734310e-02,-2.714428921735962882e-02,-1.439601969122955051e-02,1.651015972197522608e-02,-8.039940566250644224e-03,7.071031888264088777e-04,-1.418787860491685371e-02,-1.838652612923305160e-02,-1.873431731587251597e-02,6.036954823253698477e-03,-5.747757996023729679e-03,-2.328723466746200621e-02,-2.538058318782792158e-02,1.378057058420991202e-02,-2.953921770588983572e-02,-8.092354581250857729e-03,2.932980390665267893e-03,-2.280866683636395640e-03,-1.181943799830000204e-02,-1.168989397373655301e-02,-1.058847048371492836e-02,4.800637392752380057e-03,-1.365508643093416019e-02,-2.633060197279533596e-02,-1.044820536875418725e-02,-1.981413320501741390e-02,-1.979241289276410798e-02,-8.982827989688036904e-03,-1.993671925149435517e-02,-2.601063832787522349e-03,-1.528856502352850776e-02,-1.226830702962633177e-02,-7.005407170667264996e-03,-2.724230263356060278e-03,-6.054291206884912686e-03,-1.475919982935098261e-02,6.282264986341892354e-04,-7.706656818294762776e-03,-5.993309417765206593e-03,-8.843447670051702214e-04,-1.310195197620408689e-02,-2.317158699861032733e-02,-1.834304755584123883e-02,-9.397966995373031179e-03,-5.133886553572598183e-04,-2.864888470099214920e-02
-1.194929868335612919e-02,-4.302856162715538828e-03,-1.408516754979518767e-02,-1.198406744072371202e-02,-2.363795643179204126e-02,0.000000000000000000e+00,-1.826236620948694335e-03,-1.440312371476672572e-03,-3.073541540806235678e-02,-1.201169974901245344e-02,-2.411242482648693654e-03,-7.502868165287575504e-03,-1.820745518960957543e-02,-9.047058169244904732e-03,-1.454544744385804188e-02,-1.255798000478015528e-02,-1.229349236878245037e-02,-1.120199294456456982e-02,-1.064339216302458840e-02,-1.280767658666243092e-02,-7.818705527159580324e-03,1.766214381607997957e-02,-1.145430871429190325e-02,-1.542620820897771562e-02,-1.074651422266872589e-02,-6.872965337136263328e-03,4.952466948519014187e-03,-1.321578062983898814e-02,-1.860283337872326720e-02,-6.722911537145988096e-03,-1.072091345813127282e-02,-1.515103244139205142e-02,-6.639961377861200442e-03,-1.744462432112058384e-02,-1.806707660675462707e-02,-1.026440762078682789e-02,-2.722400946931038263e-02,-5.535374664371595088e-04,1.464468256094293361e-02,-1.319374631499428165e-02,-5.388611913581080326e-03,1.450276875211142791e-02,-1.506405129319814476e-02,-1.629576095799829469e-02,-1.342572009411471291e-02,-1.675344635128237641e-02,3.238687313395385240e-03,-1.475477100964586079e-03,-7.937966265622231968e-03,-2.387696248488371288e-03,-1.288886041327604688e-03,-1.478746620377512956e-02,-1.486514119041336054e-02,-5.117769928233710693e-03,-1.361771981773982586e-02,-6.895397316676798657e-03,6.574006259784728745e-03,-1.756684746710356418e-02,-1.589130780026909093e-02,-6.567595825703832421e-03,1.518515879807032145e-03,-1.376946117554724881e-02,-1.027360462766549812e-02
1.628333253578279766e-02,-4.351790349086006107e-03,1.297313628422504771e-02,-1.651741206099117260e-02,-1.453977945712167999e-02,-1.826236620948694335e-03,0.000000000000000000e+00,2.582799851431452631e-02,-7.626944487416559455e-03,1.480607633043529679e-02,2.632449667057344504e-03,-1.910484843938750274e-02,-3.156299334420557823e-02,-7.414483006469271657e-03,-2.195309091507136046e-02,-2.588322071284784864e-02,-2.190334946567676008e-02,-7.666180262109216145e-03,-8.719868714453940864e-03,-6.472644901674692863e-03,-6.183057273328516554e-03,2.305036624031159102e-03,-3.601855071137433778e-03,-1.505883471904361989e-02,4.011757463089056161e-03,-3.165187288711206193e-02,-8.217082461347544053e-03,-5.197003097953081796e-03,-1.472673491359612410e-02,-9.037311145649956634e-03,4.073510756118879639e-02,-6.721339452514532792e-04,-1.857305598241973388e-02,-1.026419781150895820e-02,5.881764697825207604e-03,-2.673489753682319493e-03,-6.195387116651093415e-03,-8.580984628162908676e-03,-7.288306011818260384e-03,5.876038481835632252e-03,-1.209861386116376988e-02,-2.461420986557107810e-02,-1.936514596510350433e-02,-1.679367736417795159e-02,-1.399389453151193320e-02,-1.134194426642879706e-02,-1.376144963842021451e-02,-2.700362069382996472e-02,-1.707449571375647610e-02,1.610044704907069926e-03,-1.725690872213325733e-02,-1.149513667745518178e-02,-3.994740464528813081e-03,-1.342647937177319194e-02,-1.807191585903701950e-02,1.133018530108548597e-03,-1.246701096440585264e-02,6.024301142555978442e-03,-8.632663141340379126e-03,-1.883731526030625950e-02,-1.839933698474847945e-02,-1.482519056972590211e-02,-1.746123773979445931e-02
-1.416192393269224969e-02,-5.568997824996964850e-03,-9.112413232860452905e-03,-1.249220377439120080e-02,-1.024722323282606894e-02,-1.440312371476672572e-03,2.582799851431452631e-02,0.000000000000000000e+00,-2.778735062388140026e-02,-4.320507605303961808e-03,2.033236022258967657e-02,3.814452710022558837e-03,3.067339557387749110e-04,2.948643323229640893e-03,3.947489597525985494e-03,-3.493014964318852215e-03,-9.111891638001598168e-03,-5.245647487854786066e-03,-8.978921110235664948e-04,-6.919818060678146424e-04,5.176352543236758044e-03,-7.886579326306200274e-03,-1.137987502959877592e-02,-1.198606744652912399e-02,8.309649399126817649e-04,-1.680651046763792565e-04,-5.770068306363030156e-03,3.032193656431533997e-03,-2.899195180825912214e-03,-8.482064715874771885e-03,-2.165010254917953264e-04,-4.581958058220500160e-03,-8.338116625123220133e-03,6.689545954440173463e-03,-5.402420890958244473e-03,-8.263092742219271271e-05,-1.905298095846475609e-02,1.235593091425453253e-02,6.470085619922935453e-03,-6.158499417635559386e-03,-1.014008180205544854e-02,4.073452400449499057e-03,7.267141334471441177e-04,-4.835893164438555616e-03,2.637640203686390577e-04,5.883896206692679036e-03,2.931824932714187978e-03,1.682825420207557975e-03,-3.475859403268564789e-03,8.403923739796920547e-03,1.330217128248017966e-02,-1.940485900612594957e-03,1.520749839190419991e-02,-1.164564807465421833e-02,-8.177430350333886322e-03,-1.910715115710698731e-03,-5.105928482012135963e-03,-5.580075095600843527e-03,-1.192012549788339613e-02,-3.649108761716567291e-03,1.744775055204634412e-02,-9.763175418247138984e-03,-5.198778008471458163e-03
-1.138063034861280798e-02,1.487373685566373369e-03,-1.816164376253642104e-02,-1.161321120878340205e-02,-2.351863960406456663e-02,-3.073541540806235678e-02,-7.626944487416559455e-03,-2.778735062388140026e-02,0.000000000000000000e+00,-1.008303706136833358e-02,-5.140327084423614024e-03,-2.505595945386339743e-02,-5.009394377625999567e-02,-4.922731775368660405e-03,-1.804085792530724444e-02,-3.403649349718892991e-02,-2.412670635868999214e-02,-1.310548895644162749e-02,-2.670266058517709734e-02,-2.751071905531049522e-02,1.182043241372997787e-02,-4.456951947690894304e-03,-1.451983301513287347e-02,-2.634924374869274111e-02,-2.639940529065465391e-02,-2.641260727677819872e-02,-4.794221636651656293e-03,-1.744534606394362863e-02,-2.872458266059620471e-02,-1.527027226705700812e-02,-1.317979928925938626e-02,-2.233291891234808618e-02,-2.431068184826627623e-04,-1.048796561356734117e-02,-3.308498161637431212e-02,-1.632773624518814651e-02,-2.043811418976426014e-02,-4.255207510141594332e-03,2.157542428760797493e-02,-1.619404587117648925e-02,9.254287480959319176e-03,6.435168387294033440e-03,-4.004266392626245480e-02,-3.619436297002906477e-02,-2.594084538654525124e-02,-4.112750232631640773e-02,-1.193262787734111763e-02,-2.267448601878589015e-02,-6.746766155652400218e-03,-2.355898056862087281e-02,-2.211127962124789098e-02,-2.603749324590614103e-02,-3.503802728427496405e-02,-2.015459116572993620e-02,-2.728379924129844397e-02,-2.495533142522639997e-02,4.707469965358240978e-03,-3.428882733797325444e-02,-2.534173296381618187e-02,-6.449507225478044378e-03,-6.043045749326804092e-03,-1.573044922739358364e-02,-1.443331130697101360e-02
-4.773636499749689052e-03,3.209186960634360843e-03,-7.524163343349292085e-03,-1.050483845579485570e-02,-1.090582398837243103e-02,-1.201169974901245344e-02,1.480607633043529679e-02,-4.320507605303961808e-03,-1.008303706136833358e-02,0.000000000000000000e+00,2.849649481044946170e-03,-1.557975969071755985e-02,-2.250865481412834407e-02,-1.848009216488505010e-02,-1.825438780284874274e-02,-1.044573945291034714e-02,-8.732233553794235131e-03,-4.389376365414041428e-03,-7.711498229985705617e-03,-5.840379767173197074e-03,4.712474172295530624e-03,-5.889041525495483306e-03,-1.325870023936564536e-02,-1.404964680344221450e-02,-1.253671137604968691e-02,-1.015295448615419725e-02,-5.738025036884142121e-04,-1.301630270015274524e-02,-1.582560482338292093e-02,-2.361116843677492415e-04,-1.916289730424299356e-02,-8.123255683771524877e-03,-1.277782120572229507e-02,4.735585868056022517e-03,-1.044936118139462751e-02,-3.188013059531960482e-03,-1.318753869639587885e-02,8.142288962852170520e-03,1.843217625420201511e-02,-5.886550365255445623e-03,1.038871518893449628e-02,1.600372785684915991e-02,-1.709897973804304014e-02,-1.312206586981178556e-02,-2.046115788014293141e-02,-2.347755837579691002e-02,4.606925977586070683e-03,-7.081952554369122521e-03,-9.991318962458190303e-03,-6.480872965345043854e-03,-1.445530906545328120e-02,-1.405085603774547907e-02,-2.137981105667494455e-02,-7.658878114260213310e-03,-1.296743329866617209e-02,-1.228423124236879653e-02,2.438959314317225638e-02,-2.420520295413860004e-02,-8.118807974911736863e-03,-2.433273859309051552e-03,-4.370515409880124580e-04,-1.079835919835220835e-02,-3.483600823332699218e-03
-2.351478533106896897e-03,-1.492102258155063310e-02,1.888155634432579083e-02,-6.668029771103776981e-03,-1.031897319505803955e-02,-2.411242482648693654e-03,2.632449667057344504e-03,2.033236022258967657e-02,-5.140327084423614024e-03,2.849649481044946170e-03,0.000000000000000000e+00,-1.278957149395264573e-02,-2.687461162080394608e-02,-8.748100751170540673e-03,-1.367356101403672738e-02,-2.056100269442325684e-02,-1.421813672789730421e-02,-4.103649947872115011e-03,1.123261229332435385e-03,-1.511516558602307714e-03,6.960154849918622107e-03,-2.145053860265143473e-03,-4.775054308393577099e-03,-4.387691724627917553e-03,6.863801831616551767e-03,-1.325046052228616780e-02,-1.256634286555058453e-04,6.233616945793169989e-06,-9.329835581633303884e-03,-3.231195449345650172e-03,2.622890858330678698e-02,2.584539313369288265e-03,-1.027977939338342236e-02,-4.840059394443268700e-03,1.091685070856369608e-03,-6.214849256996650244e-03,-9.559945037818155106e-03,-2.196289618344057955e-03,-1.389925899651408073e-02,4.140359937811527793e-03,-5.472089505137676772e-03,-6.650474183178670118e-03,-2.171528345477054603e-02,-1.592559289572556547e-02,-7.770706788998884076e-03,-1.101594306945580942e-02,-3.854683162831571384e-03,-1.785211482770530933e-02,-1.066469087355345277e-02,-2.163721150902465831e-03,-1.034551665895466245e-02,-1.308290462101335296e-02,4.728458279796097369e-03,-4.658016579501369700e-03,-7.654323013484424718e-03,-1.448820981903532843e-03,2.206176740023863166e-03,3.056817066631411627e-03,-1.327799240728770418e-03,-7.051483046866774233e-03,-1.479000674254289313e-02,-1.171183562214912766e-03,-5.344278163723546922e-03
-5.749902766285994171e-03,5.469222022914450865e-03,-1.301907102630630794e-02,-1.738367569222739467e-02,-1.002513890355579210e-02,-7.502868165287575504e-03,-1.910484843938750274e-02,3.814452710022558837e-03,-2.505595945386339743e-02,-1.557975969071755985e-02,-1.278957149395264573e-02,0.000000000000000000e+00,2.631501927398073939e-02,-1.475125525508239575e-02,-9.039233549535886231e-03,4.864227027699292126e-03,-1.189128364467638768e-02,-1.155292765820298446e-02,9.854505801069245174e-03,1.159467878902123135e-03,-5.105360285109976186e-03,-9.470822408056975630e-03,-2.880664889737598929e-03,9.324439664847090914e-03,-1.913472727898576963e-03,1.864520463651213929e-03,-6.661302791326313526e-03,-3.548704932006338606e-03,-1.534127496798760046e-03,2.370335599413972080e-02,-4.171014158165143974e-03,8.934592309377185210e-03,-1.446722977353018247e-02,-1.542741134210552992e-02,1.153796922832287485e-02,-8.481106085419368168e-03,-1.987237940862233293e-02,-1.145395842586893580e-02,-1.478682057679651138e-04,-9.486062788822715013e-04,-1.906492817528125314e-02,-5.925921051287477530e-03,2.343343177501574712e-02,-7.542785787512491617e-03,6.029550126683427477e-03,-6.662173032083086588e-03,-1.566418793945492010e-03,-4.457422098048919624e-03,1.446963332058120652e-02,9.683042939705831373e-04,-1.060027968560164262e-04,5.155285599400903813e-03,-1.391315249860300939e-02,-8.120617762161155481e-03,7.791698415925518532e-03,-2.669772217068220547e-03,-9.359093865934564258e-03,-1.010093212139101526e-02,1.599893740837062678e-02,1.579246528417653506e-02,2.454717448560763977e-03,-8.133794367899158800e-03,2.051324644697705840e-02
3.516782455944487441e-03,-1.625305790337478601e-02,9.915435157727222129e-03,-4.013852667207104541e-02,-2.734236929501904917e-02,-1.820745518960957543e-02,-3.156299334420557823e-02,3.067339557387749110e-04,-5.009394377625999567e-02,-2.250865481412834407e-02,-2.687461162080394608e-02,2.631501927398073939e-02,0.000000000000000000e+00,-4.287057996658357600e-02,-3.940422625073310148e-02,-4.617675530782398841e-02,-4.827423771021702864e-02,-2.753887963358324018e-02,4.284327929620732056e-02,9.419028767542778763e-03,-1.945961122031273846e-02,-1.608910652732987653e-02,-1.075473494426300303e-02,3.644981158966435070e-02,2.509917439575447620e-02,3.183046986028602310e-02,-1.436346251667534359e-02,-1.006473855734390903e-02,2.409971255362700505e-03,4.893116943487356429e-02,2.613464148547695043e-02,4.469811503745126785e-02,-3.476338011382117121e-02,-2.457583319882815018e-02,7.044609203154512597e-03,-2.007050796340867360e-02,-4.016515295007495878e-02,-2.584615742126878876e-02,-7.291330062632347606e-03,-2.401475758801193457e-03,-4.009495754481505470e-02,-7.302308580958013877e-03,1.399918651824353343e-02,-3.549331513122706838e-02,-2.803723262917852746e-02,-4.071849862102440432e-02,1.138888134132838223e-02,-3.670728287247755628e-02,4.003330639847916400e-02,-1.229475329415729082e-02,1.933430052620973769e-02,-6.536908923534432217e-03,-2.983615852651286260e-02,-6.094313601134524611e-03,2.173210485343201118e-02,-1.500607895043177750e-03,-1.911031213340220677e-02,1.279300366558780086e-02,4.645513443775605572e-02,2.397794728034297398e-02,-1.501033724968501258e-02,1.853227575779608713e-02,4.149706265425482515e-02
7.000108388998660218e-03,7.431814741917436469e-03,-1.536229322153356315e-02,-8.765058992212037409e-03,-1.171665915152506759e-02,-9.047058169244904732e-03,-7.414483006469271657e-03,2.948643323229640893e-03,-4.922731775368660405e-03,-1.848009216488505010e-02,-8.748100751170540673e-03,-1.475125525508239575e-02,-4.287057996658357600e-02,0.000000000000000000e+00,-1.367060854803639480e-02,-3.062612743525572334e-02,-2.440758646682915714e-02,-2.994123559575158355e-04,4.825877076710442803e-03,-3.814957334447558086e-03,1.218842011768133185e-02,1.184710961832876122e-02,-1.066109011601766229e-02,-1.460574211864539354e-02,-6.049436936533493167e-03,-7.025045669558567171e-03,-4.751420484711376194e-03,-8.320871315942987567e-03,-1.718575590281361601e-02,-5.932078959236021694e-03,-1.288067145582845810e-02,-2.328560315660047010e-04,-4.654120558680490197e-03,-1.771832679919587566e-02,-1.506329916851828835e-02,-1.484983181048900834e-02,-1.097189440543748333e-02,-1.187563566282797203e-02,3.412184260541818726e-02,-1.500083326198299247e-02,4.660779557187179518e-03,7.297880691244755524e-03,-3.140630686074050160e-02,-3.395615258602550923e-02,-2.281767709961794038e-02,-2.197285452880831311e-02,5.736708712582692590e-03,-1.993395173211338911e-02,-2.616625692865727493e-03,-1.483381666896248273e-03,-8.468199625715953915e-03,-2.411596949495231276e-02,-2.534736799527609330e-02,-1.111787271104321476e-02,-1.614791299630607968e-02,-2.008870116976587891e-02,6.036343456029852339e-03,-2.518759102049657889e-02,-1.088454672460352490e-02,-1.336850449503665297e-03,1.437764165464261445e-02,-1.281968501056415799e-02,-2.837091548958644953e-03
-2.510690819013942053e-03,2.062541349529576924e-03,-6.894693725681302725e-03,-1.767599424890476528e-02,-1.560526160775072349e-02,-1.454544744385804188e-02,-2.195309091507136046e-02,3.947489597525985494e-03,-1.804085792530724444e-02,-1.825438780284874274e-02,-1.367356101403672738e-02,-9.039233549535886231e-03,-3.940422625073310148e-02,-1.367060854803639480e-02,0.000000000000000000e+00,-3.044198419681126005e-02,-2.634270354814606183e-02,-3.170233725210019372e-03,6.097987044972641088e-03,-7.529756971369258763e-03,1.173001536686353943e-02,3.376771864111952764e-02,-1.181315039883243899e-02,-8.005373981551716298e-03,1.200220517967421144e-02,1.237402910426609916e-02,-8.507153012635947781e-03,-2.689888925384114476e-03,-1.540933121440351584e-02,-9.949789340371432977e-04,-1.944263125638579642e-02,3.887021519272655743e-03,-1.053801127616649583e-02,-1.763241334230021898e-02,-1.584036513300124665e-03,-2.453706022628360933e-02,-1.843194321012107603e-02,-1.026003683014314015e-02,6.070847089474152788e-03,-1.334704569958209894e-02,-9.750152973672371673e-03,-3.716325977800684528e-03,-1.666858678201420946e-02,-3.453368981337571336e-02,-3.560920459049821130e-03,-1.797434096614475979e-02,3.954654626339757124e-03,-2.391302819601306973e-02,3.127865528702253491e-03,-1.941875531528997707e-03,7.139957997888524144e-03,-1.435176418532665629e-02,-1.752503996326433902e-02,4.503592296715173103e-03,-1.164059003963689894e-02,-1.045118364335868681e-02,-3.812039369228323836e-03,-1.307953661210475328e-02,-4.397624392118677956e-03,1.827923445561680015e-04,8.677619634141198884e-03,-5.589859358504770982e-03,1.673284778823708142e-03
-2.797338863096244990e-03,-4.297444589029463316e-03,1.309351033868683990e-02,-2.557694003570315511e-02,-1.599859571488453786e-02,-1.255798000478015528e-02,-2.588322071284784864e-02,-3.493014964318852215e-03,-3.403649349718892991e-02,-1.044573945291034714e-02,-2.056100269442325684e-02,4.864227027699292126e-03,-4.617675530782398841e-02,-3.062612743525572334e-02,-3.044198419681126005e-02,0.000000000000000000e+00,-1.277754934713271583e-02,-1.689946081729085808e-02,1.382450805929013628e-02,-1.239150309524246138e-02,-1.209226723200211399e-02,-1.633592426611363974e-02,-6.994233706090073437e-03,1.335145194676695679e-02,6.962059003312622354e-03,1.752281790345167414e-02,-1.016453858306190505e-02,4.931407695816554179e-03,-8.997430398149843661e-04,2.674964678660069622e-02,3.643026197227762497e-02,1.137909791865430141e-02,-2.011205222935950193e-02,-1.778389272728504375e-02,-3.180833612244820478e-03,-8.513559179120624987e-03,-2.551555780013328029e-02,-4.988123273989159175e-03,-8.046637601067834974e-03,-1.186360557857013553e-02,-1.965785374977470010e-02,1.059400047718153139e-02,-3.464393358736485989e-02,8.662956216021561184e-03,-3.078249227224891249e-02,-4.362092939184587098e-02,-1.028598568441310441e-03,-1.054421453885151169e-02,-2.072386340213551188e-03,-1.973443662819552441e-02,4.255468929424797639e-03,-8.291691507527985255e-03,-2.387777901228694058e-02,-6.226512355000228885e-03,9.284117928812865312e-04,-7.407076745814322911e-03,5.160093547457884726e-03,6.986610124064450422e-03,2.061811150951155941e-02,1.772773230631187469e-02,-1.665758010808042131e-02,7.170458157364884358e-03,1.954104837144964371e-02
1.087119170092142734e-03,5.732606684263815214e-03,9.800075720233232101e-04,-1.637654690894050497e-02,-1.656963323459469811e-02,-1.229349236878245037e-02,-2.190334946567676008e-02,-9.111891638001598168e-03,-2.412670635868999214e-02,-8.732233553794235131e-03,-1.421813672789730421e-02,-1.189128364467638768e-02,-4.827423771021702864e-02,-2.440758646682915714e-02,-2.634270354814606183e-02,-1.277754934713271583e-02,0.000000000000000000e+00,-2.091028637288055991e-02,7.788953402618453269e-04,-1.527375754487561230e-02,-7.050540392476131561e-03,-9.970322266278003331e-03,-7.494293883386746527e-03,2.515725731628219719e-03,3.445854983556521315e-03,1.889428934661145643e-04,-3.174945285324971746e-03,3.936803315489850394e-03,-9.413271187760184969e-03,1.414529340789180169e-02,3.502772891270812539e-02,1.994836307657717276e-03,-1.205946213933594725e-02,-1.526923626429043702e-02,-1.502879578865684053e-02,-3.325577267940871447e-03,-1.709517398816209205e-02,-5.270587968718101583e-03,-8.189663816230450871e-04,-1.893027433120888364e-02,-1.223478210542319755e-02,1.733527369519190925e-02,-4.081891156355300226e-02,-7.304143054543064104e-05,-2.846284271225819201e-02,-4.397554352153374563e-02,-3.680304080606748400e-03,-7.582530307145387768e-03,-1.286987085575064249e-02,-2.150584092751051807e-02,-1.219363509687159362e-02,-1.643524210586628370e-02,-2.645931757629314124e-02,-1.110236099635027868e-02,-7.376196623995807944e-03,-9.780228738474552527e-03,8.374537463582150247e-05,9.258265232091339100e-03,8.830898669937701020e-03,8.504943738270336409e-03,-1.311288008471653797e-02,7.718134425220510471e-03,8.268118465590765243e-03
-1.059093152616157052e-02,2.338790857465062462e-02,-9.727509450822310541e-03,-1.069229142776563501e-02,-1.602782190926734310e-02,-1.120199294456456982e-02,-7.666180262109216145e-03,-5.245647487854786066e-03,-1.310548895644162749e-02,-4.389376365414041428e-03,-4.103649947872115011e-03,-1.155292765820298446e-02,-2.753887963358324018e-02,-2.994123559575158355e-04,-3.170233725210019372e-03,-1.689946081729085808e-02,-2.091028637288055991e-02,0.000000000000000000e+00,-1.497502018291169655e-02,-9.510636760944112672e-03,1.363059828410132998e-02,2.211768949609744378e-02,-7.156017384864039703e-03,-1.578329052975717406e-02,-1.146920850997428486e-02,-5.318657326551209756e-03,-4.862914354937440849e-03,-2.171227015226277345e-04,-1.575269655140615344e-02,-7.007814347875437888e-03,3.015146861813401257e-03,-1.184544761660484211e-02,-9.131394302776086463e-03,-1.621319694058700675e-04,-1.119967257026379011e-02,-1.455378726027923078e-02,-8.093303455456595658e-03,5.412868954297694185e-03,9.791631081357929367e-03,-6.233335636163890234e-03,-1.732556949746732328e-02,-2.300312282162760708e-03,-1.523358443337622173e-02,-2.194855830977072292e-02,-4.396021491008332907e-03,-1.983314397101511653e-02,-1.057903549596401170e-02,-1.495616606654556757e-02,1.232077039703469330e-02,-1.241564368058878202e-02,-1.105411965445178210e-02,-9.478654345568606268e-03,-1.086698629070342002e-02,4.471745303610767772e-04,-1.690667016885698953e-02,-1.076065609497966515e-02,-3.255332847635297126e-03,-4.583428656653803883e-03,-1.092760739498962498e-02,-8.039631541060457062e-03,1.013488262645526527e-03,5.067694000842551047e-03,-1.103844271437874440e-02
-1.304932253400279893e-02,-3.253921153828700976e-03,3.645454828227025906e-02,-8.999989546356008951e-03,-2.714428921735962882e-02,-1.064339216302458840e-02,-8.719868714453940864e-03,-8.978921110235664948e-04,-2.670266058517709734e-02,-7.711498229985705617e-03,1.123261229332435385e-03,9.854505801069245174e-03,4.284327929620732056e-02,4.825877076710442803e-03,6.097987044972641088e-03,1.382450805929013628e-02,7.788953402618453269e-04,-1.497502018291169655e-02,0.000000000000000000e+00,8.061134783371131166e-03,7.062074231466481181e-03,1.491729044574296136e-02,-1.171203213383196703e-02,-1.428217824489201701e-04,1.984968734129220411e-02,-9.013662764607878724e-04,-9.197801477365140713e-03,2.540119329746418769e-02,-1.856729279806860339e-02,5.822067706094663855e-03,2.389772843459631729e-02,-9.479203509983120252e-03,-5.318466595565727803e-03,-1.762502318579953643e-03,1.980830221832623542e-02,-3.471045863419740946e-03,-2.565014362763695654e-02,-3.727608314617171601e-03,-3.033086522415379236e-04,5.203870791101021694e-03,-6.490243540699353053e-03,9.155990358536302345e-03,2.096194972024945785e-02,1.104217164610667677e-02,8.407205121771094136e-03,8.094813029971583557e-03,6.335085875869911169e-03,8.132858681221575431e-03,1.427189844807528335e-03,-1.483959436147577401e-02,-5.954329603709567972e-03,1.255769250443584603e-02,1.812046730824416708e-03,-4.897483720431539296e-03,-2.022983324222225356e-03,-4.233466457251734705e-03,-6.456038291912133235e-03,3.581693340378101775e-02,-9.387447028849985053e-05,-1.082238470555259638e-02,6.970541597405783933e-03,1.496933929943914353e-02,-4.488693997810235675e-04
-2.122481261625009524e-02,1.433714821369690660e-02,2.562661373934638220e-02,-2.207557354034945726e-02,-1.439601969122955051e-02,-1.280767658666243092e-02,-6.472644901674692863e-03,-6.919818060678146424e-04,-2.751071905531049522e-02,-5.840379767173197074e-03,-1.511516558602307714e-03,1.159467878902123135e-03,9.419028767542778763e-03,-3.814957334447558086e-03,-7.529756971369258763e-03,-1.239150309524246138e-02,-1.527375754487561230e-02,-9.510636760944112672e-03,8.061134783371131166e-03,0.000000000000000000e+00,1.712583264205694289e-02,-4.891283018975390445e-03,-2.347306345152938567e-02,1.024507381498165372e-02,3.094244324867616650e-02,2.724590816379429160e-03,-1.076216572531389984e-02,2.113845797129575155e-02,-1.493399120292235316e-02,6.829934530090499452e-03,4.668572709662554415e-02,1.865879582632103129e-03,-2.233193899236972021e-02,-1.697138697776362894e-03,5.118912976508547402e-03,-1.524886056211940608e-02,-2.501273721971190508e-02,-4.990923720604957189e-03,6.807465341928178701e-06,-3.799531971389514921e-03,-1.789952508508067461e-02,-8.609073733110209764e-03,1.074881581318687732e-02,-1.461946199699463468e-02,-2.329707944906684886e-03,5.844069799624264719e-03,1.655168870960303101e-02,-8.127723512899125841e-03,2.111111688247270524e-03,-1.666492213330807506e-02,1.081379906043975891e-03,4.775440516645427548e-03,-1.570624496530520541e-03,-1.105944603499014675e-02,-4.320664818393908299e-03,-1.669158655998494514e-02,-7.697497386314354831e-03,3.366669783641152575e-02,1.399857923847118955e-02,-7.089621165303093206e-03,1.065681095093749461e-02,3.910455386849228179e-03,2.126394973229106446e-03
7.820212232656149898e-02,2.052655127578343480e-02,6.542647999247218349e-03,-3.433893678130359953e-03,1.651015972197522608e-02,-7.818705527159580324e-03,-6.183057273328516554e-03,5.176352543236758044e-03,1.182043241372997787e-02,4.712474172295530624e-03,6.960154849918622107e-03,-5.105360285109976186e-03,-1.945961122031273846e-02,1.218842011768133185e-02,1.173001536686353943e-02,-1.209226723200211399e-02,-7.050540392476131561e-03,1.363059828410132998e-02,7.062074231466481181e-03,1.712583264205694289e-02,0.000000000000000000e+00,8.529180953783849564e-03,5.047263827012675452e-02,-7.048889452062087439e-03,-1.340833052812014786e-03,-3.097198240724349100e-03,-5.404881408430127661e-03,1.220845443095861654e-02,-6.882790211312532968e-04,-3.016563856495865868e-03,1.216514992913952237e-02,1.151475012703017178e-02,1.132899478961184661e-02,2.305451842181941921e-02,1.006437339275809313e-02,-9.157307913245850417e-03,3.705490234393787885e-02,2.378330088281029042e-02,-7.321208587890540125e-03,-7.597150529537462053e-03,-4.062047163561515947e-03,-1.023605779768905523e-02,-8.243917487485480713e-03,-9.275435403861213846e-03,3.943668147813596432e-03,-6.282568362374103474e-03,-1.807856298865149688e-03,-1.482176411734667000e-02,-2.689026246500499876e-03,4.550135035886922197e-02,-4.113141865295395945e-03,7.987706170556919949e-04,-3.926031692177225224e-03,2.358090378296091860e-02,1.357581743956995900e-03,6.720094307874196864e-03,-6.781024738041941877e-03,8.995491807213099739e-03,-5.161787942402286562e-03,-2.022490502238323898e-03,4.856547976923981935e-03,-1.166121430594528260e-02,-5.043488119416192697e-03
-3.684057414425892605e-03,1.131237004651039534e-03,1.049815059364020940e-02,2.061653851553410868e-02,-8.039940566250644224e-03,1.766214381607997957e-02,2.305036624031159102e-03,-7.886579326306200274e-03,-4.456951947690894304e-03,-5.889041525495483306e-03,-2.145053860265143473e-03,-9.470822408056975630e-03,-1.608910652732987653e-02,1.184710961832876122e-02,3.376771864111952764e-02,-1.633592426611363974e-02,-9.970322266278003331e-03,2.211768949609744378e-02,1.491729044574296136e-02,-4.891283018975390445e-03,8.529180953783849564e-03,0.000000000000000000e+00,1.248603109505659441e-02,-2.364684062986675914e-03,6.656991966972435407e-03,5.517737703352556741e-03,-1.178648835565414277e-02,2.121726909604272106e-03,7.167004233866167140e-03,1.966292064193329598e-03,-7.352590263611830275e-03,1.516380835706013187e-03,1.704682211109120188e-02,5.105999258625479494e-03,-1.618448689354096788e-03,1.945575401445381186e-02,-1.709021695964672849e-02,-3.155495417790708627e-03,-2.382295283575704570e-03,-8.086166921706838123e-03,-8.761720392472496094e-03,-9.415783912091071559e-03,-6.464034549381852957e-03,-1.668622567154711203e-02,1.826079748430014041e-02,2.179902577883049627e-03,2.070358044339969117e-02,-1.523441224212576141e-02,3.704072033194232179e-03,-9.779100895762419740e-03,1.612033548653198090e-02,1.997910623472182613e-03,2.100720023615706977e-03,-3.782148175889554157e-03,2.220450388127868067e-03,-7.628741277981856798e-03,-8.132171098073648699e-03,-2.590200794441244094e-03,-1.019783870677011626e-03,-1.138592733659401363e-04,-3.817565493873350396e-03,-1.375688285429353154e-02,6.939451356118081981e-04
2.171522773000083423e-02,1.429882718679533794e-02,1.324521953101806190e-02,-8.377971194986903042e-03,7.071031888264088777e-04,-1.145430871429190325e-02,-3.601855071137433778e-03,-1.137987502959877592e-02,-1.451983301513287347e-02,-1.325870023936564536e-02,-4.775054308393577099e-03,-2.880664889737598929e-03,-1.075473494426300303e-02,-1.066109011601766229e-02,-1.181315039883243899e-02,-6.994233706090073437e-03,-7.494293883386746527e-03,-7.156017384864039703e-03,-1.171203213383196703e-02,-2.347306345152938567e-02,5.047263827012675452e-02,1.248603109505659441e-02,0.000000000000000000e+00,-8.945318659815218801e-03,3.808482133421069171e-02,1.178231731925129976e-04,6.286957773765032217e-03,1.697940145667897749e-02,-1.366172653539694457e-02,1.549174569708788515e-02,4.052481538971616087e-02,-4.095653778592550989e-03,3.410275996771476494e-03,2.187092639313692813e-02,8.725568791414381681e-04,-1.296816627101416916e-02,-6.518937986311687527e-03,1.814186336159853393e-03,-1.698227127141898425e-03,2.445529741240607194e-03,-1.004717885693128844e-02,-1.038734669376492614e-02,-7.317907675332679766e-03,-7.363951232562353580e-03,-3.506885778551026116e-03,-1.021466659343997496e-02,2.901520167994269331e-02,-7.145414498776207941e-03,-6.538888021867556456e-04,-1.517699611032183836e-02,-1.112346069129132795e-02,4.789543030768166933e-03,-3.233461373111861693e-03,2.052140098454960024e-02,-4.391869612144493756e-02,8.206693756154816426e-04,-3.164724199614940732e-03,5.840617679256868838e-02,1.160996391684130866e-02,-1.018856283943806763e-02,-8.365420805903921869e-03,-1.970788118720377333e-02,-4.029706625985415500e-03
-1.268841323984639877e-02,-6.293645233447259409e-03,8.265894961794227136e-04,-1.487213448638294647e-02,-1.418787860491685371e-02,-1.542620820897771562e-02,-1.505883471904361989e-02,-1.198606744652912399e-02,-2.634924374869274111e-02,-1.404964680344221450e-02,-4.387691724627917553e-03,9.324439664847090914e-03,3.644981158966435070e-02,-1.460574211864539354e-02,-8.005373981551716298e-03,1.335145194676695679e-02,2.515725731628219719e-03,-1.578329052975717406e-02,-1.428217824489201701e-04,1.024507381498165372e-02,-7.048889452062087439e-03,-2.364684062986675914e-03,-8.945318659815218801e-03,0.000000000000000000e+00,4.383981433214207898e-03,-7.235666021691776820e-03,1.010619711498227016e-03,2.188849602240757267e-02,1.734544929117770931e-02,1.246052134997999161e-02,1.765565866993479976e-02,-1.147961580537665803e-02,-5.030009071802114817e-03,-1.459246567404212658e-02,1.285841811956358639e-02,-1.260477548277539120e-02,-1.929588350866812824e-02,-1.310510264136178181e-02,-4.999676883892840637e-03,1.986901446571529440e-03,-1.060810913649547389e-02,4.799019152173855836e-03,1.922104406428536486e-02,3.001944466824799183e-03,-4.794502711250370197e-03,-3.016010610665866790e-03,-5.145851077496288797e-03,1.459674537995177268e-02,-3.076784250404111559e-04,-4.730098531774279413e-04,4.441532357531012380e-03,1.905110457761035030e-03,1.902211449112884475e-03,-3.555450978221521511e-03,-7.129083853122311978e-03,9.950494992801022648e-03,1.057561154781497346e-03,2.349704651621235471e-02,-3.229398987536866161e-03,1.762613009754192966e-02,-1.337809679140566184e-03,2.532990408229540691e-02,9.845751150128175325e-03
