0.000000000000000000e+00,1.310220246784260523e-02,-5.338703748566897903e-03,4.837777320083242599e-03,-3.708767486476131914e-03,4.504752105934027584e-02,-1.573588578520376813e-02,-4.128820547402837354e-02,-1.037512399815627984e-02,6.322060516345798242e-02,1.247952084770631576e-03,-5.670626246363830170e-03,-6.740115334976871930e-02,-2.425579132646943532e-03,-2.897470766596793590e-02,1.238590191764172010e-01,4.840544090438463065e-02,9.744876011055695827e-03,-2.172201379501833771e-02,1.315121949606296026e-02,2.138443672286260804e-03,-3.319273985953121592e-02,-4.259560907538621766e-02,1.411831623278319570e-01,4.291153091550290594e-02,3.217844865146539390e-02,-1.886537732392686365e-02,1.009748932072664918e-01,-2.059329727524194728e-02,-3.582822093730361063e-02,-7.489453400157512764e-02,8.943228727332434846e-02,5.764617310356002708e-03,4.158159833690240614e-02,1.312685331171601667e-02,-1.833389689578941370e-02,9.459209036512587765e-03,-1.884856571082383497e-02,-4.240222554406447922e-03,5.931325518285405357e-02,-2.017632607851588267e-02,-7.133823712041187370e-02,1.318007337194376238e-01,-6.301132735813186336e-02,8.947122127621302823e-02,-6.317008331910126118e-02,4.334968485229452606e-02,-3.097011585615120494e-02,2.882802192044747747e-02,1.361444935710974004e-02,-1.049474169698971955e-02,-2.958270141043826615e-02,2.089157670753735013e-02,-1.680835844352162115e-02,4.016710266191522716e-02,-2.174900191909930405e-02,2.953479249601929577e-02,1.703770419238377909e-01,8.132275111971019876e-02,-2.860252361761623369e-02,-5.616290275493834860e-02,4.187890526056041451e-02,1.148603954292909402e-01
1.310220246784260523e-02,0.000000000000000000e+00,-5.779942634578767724e-02,3.748819834676385410e-02,-7.822560082263441128e-02,-1.784746676025916051e-02,-1.155459262408510199e-02,5.973038866249491541e-02,7.694245936817100729e-05,-6.150860230413111862e-02,5.431621208292838898e-03,2.190077776252228811e-02,-3.892652318297099706e-02,3.143045579078788954e-02,-1.904659683445737439e-01,9.851334281372581270e-02,-1.212067556299957494e-01,-1.176801769878268733e-01,-8.031779965052496251e-02,1.519938239689265225e-01,4.261962372581198921e-02,-1.992271518575268741e-01,-2.064655783063107375e-01,2.579193197269968318e-01,1.592866559568333340e-01,8.305335813053735250e-02,6.997343695701073452e-02,1.905244859493778198e-01,-1.201809631779871268e-01,-6.684193179049843780e-02,-4.631307703766445599e-02,1.003994547483805511e-01,3.483368607208543744e-02,5.493462941073880973e-02,-4.132947095203375748e-02,-6.266972365261384847e-02,-3.500377433237908398e-02,-6.298135314937942930e-02,-4.484247096809293454e-02,1.267918696050393014e-02,-1.801980106340490134e-02,1.229974340429758894e-01,-2.620775802850681263e-02,-4.191726771953472458e-02,1.329643468703854969e-01,1.033151443563426336e-01,3.116367291336355309e-03,1.704728144246542842e-01,1.259426595486837219e-01,3.093012237052084751e-02,-9.875709890468216401e-02,-8.134422442584447743e-02,-1.226916744174098330e-02,1.989521978094886401e-01,2.278240354978421645e-01,-2.273886995571535244e-02,-1.511962454487747465e-02,1.279074818191190122e-01,2.218000515819082419e-02,-2.535323008792605276e-02,-8.403906828356394465e-02,6.201128159768520831e-02,1.145797460989771421e-01
-5.338703748566897903e-03,-5.779942634578767724e-02,0.000000000000000000e+00,5.344992581645097163e-02,-2.951536087900312813e-02,2.726553987553130901e-02,-2.184200529744927816e-02,1.195318213452003508e-01,2.342817332973481242e-02,-2.704509314499751668e-02,9.798868284373984938e-02,-1.109336522831471696e-02,-2.821997222416314233e-02,3.441684136870800520e-02,7.340695444739928077e-02,3.880628538118559984e-02,-5.127517027647622572e-02,-6.347053459475057724e-02,8.499573300138375809e-03,-9.208587214112462505e-02,-1.098302141947144622e-01,-1.251732515482392380e-02,4.043872179908594711e-02,-9.332213637071466728e-02,-8.080197359524823875e-03,4.495907711860044897e-02,2.004990411727767749e-02,2.048291348949398197e-02,-1.618043053855635488e-02,2.240334638786385668e-02,9.382475841930439098e-02,-9.726368342424865365e-03,4.082531310559886321e-03,-1.145101298726134212e-02,-5.023436017796967246e-02,3.669772984299111279e-02,7.958353228847539484e-02,4.700455957119242800e-02,2.186918305099853216e-02,4.826680723063066225e-02,-2.011977017607366122e-02,1.160163202947384758e-01,7.470361203090929159e-02,4.290258200321581811e-02,1.716201324189607635e-01,1.687608239265484325e-02,2.145584228132623450e-01,-3.452106642327937291e-02,-4.087326160097383421e-02,-7.415504041881867958e-02,1.835722805775676786e-02,-1.002996818084678499e-01,-1.765991595951613841e-02,-1.373516080759465408e-01,-8.702490382163594052e-02,3.218299474696454526e-02,-1.154244326429694628e-01,7.530425704466162107e-02,1.064865002621297532e-02,-3.449106334653385952e-02,-1.098968228717715420e-02,7.548453093786820431e-03,8.474236051719680196e-03
4.837777320083242599e-03,3.748819834676385410e-02,5.344992581645097163e-02,0.000000000000000000e+00,-3.290050475233484428e-02,4.280652223884659491e-02,5.219180831748855554e-02,-4.022863260683848946e-02,3.364248315932178574e-02,-2.530518361486224638e-02,-1.068961926028448861e-01,1.184138030940187249e-02,-1.704703150985666452e-02,6.366995416417062237e-02,-4.165786936852784728e-02,8.419521043837760454e-02,8.053414321999526060e-02,1.028479597355324432e-01,-2.379975032616499925e-02,1.870034963419889978e-02,-3.950344517765581182e-02,-3.976450738126298401e-02,-3.587613453734110613e-02,1.339293555786750523e-01,4.001810952170056779e-02,-5.838464245333421093e-02,1.863229264054527823e-02,-1.168024613724938029e-02,-3.046835828749812000e-02,1.612659748652181535e-02,-9.188670179361425037e-05,2.820177815717033604e-02,4.216051350206312040e-03,1.957395054085558223e-02,1.456007301202181213e-02,6.572163855963927825e-02,-1.005942322663990959e-02,-8.883643391426799055e-03,7.263272128381724480e-02,-2.065256323800516297e-02,3.309703062545158586e-02,-1.534762562137331407e-02,3.006711775302979214e-02,-2.411064962421710298e-02,8.080862363281859917e-02,-1.339615928796910813e-02,-6.545187795473245140e-02,5.708155910762957586e-02,1.166735675611012268e-01,8.994754403376409302e-02,3.063257871019458081e-02,-8.154231857304327855e-03,2.556960995749654048e-02,8.708294112493394912e-03,5.784192820098577048e-02,-3.671904706827664594e-02,-8.137203536371998003e-03,1.001932550995420917e-01,1.188717128944998536e-01,-9.157239742941240823e-02,-4.609739912169228543e-02,1.249287932437211958e-02,6.063147897989936558e-02
-3.708767486476131914e-03,-7.822560082263441128e-02,-2.951536087900312813e-02,-3.290050475233484428e-02,0.000000000000000000e+00,-1.849095284534015005e-02,3.187640900685660694e-02,6.253069102506961241e-02,1.086628609567997540e-02,-6.011250017144222774e-02,-6.727869949979423114e-02,1.530834775228162581e-01,9.594660926493022574e-04,5.680167785678641446e-02,-4.434304292145700016e-03,2.152966481767904644e-02,6.084289071257742432e-02,1.143588767085065017e-01,-4.278990639393505380e-02,-8.666792817179229391e-02,-1.947998230700366817e-01,3.829795826505652805e-05,-2.001051072089745850e-02,-7.568152040564253558e-02,-2.489050520368620845e-01,-8.465645136586907871e-02,2.508048050251086153e-02,1.028940701791751372e-01,6.762836515151773864e-02,1.380931597399542576e-01,1.505721225768783256e-01,-7.156634832905052479e-03,-2.015862558569319479e-02,1.392164934166286241e-02,-9.159593248203198868e-02,-1.714021373640992095e-03,-1.555876322537871025e-02,-2.168023099735524872e-02,3.277189321407947276e-02,-3.858091756900591113e-02,1.737361208918467709e-02,6.129795543724141094e-02,6.179697849186462089e-02,-3.524686244690546782e-02,6.598554923179689169e-02,-5.763461165864547375e-02,2.163523092580777601e-02,-7.217827275362227735e-02,1.397372439461929683e-01,1.260847652380634731e-01,1.870308470435388393e-01,2.436387863500670201e-02,-3.361636138546963276e-02,-2.501595642193057967e-01,-1.392767843445896769e-01,1.112378479648814117e-01,-1.011211024504847789e-01,-1.582022471240106254e-02,9.310033924707014630e-02,4.585467104589759091e-02,-5.565323340213408632e-02,1.895650809028686171e-02,-2.127065945363973767e-02
4.504752105934027584e-02,-1.784746676025916051e-02,2.726553987553130901e-02,4.280652223884659491e-02,-1.849095284534015005e-02,0.000000000000000000e+00,-2.910329279434537009e-02,2.223663860088111177e-02,2.507317003077538103e-02,1.216992302177824781e-01,-9.994635200381407625e-02,1.570639114065612296e-01,-2.925902066081288028e-02,-3.366202045245107743e-02,-1.549108459260708712e-02,2.725388683436114762e-02,-8.363300598511440309e-02,-9.662114579728203756e-02,2.887245003275352648e-02,1.737529267016987107e-03,-1.360378594668838672e-03,-4.639964731600484255e-02,4.142523812253795859e-03,-1.076187574166277139e-01,-1.680524160768997743e-01,1.972197327525652966e-02,2.180972479957294513e-02,-2.251143710541841231e-02,1.150617682176777352e-02,-4.354165133597479725e-02,-4.928655618509240888e-02,3.886627391965976480e-02,-5.715683608381104397e-02,1.072088923011334238e-02,1.629016690608851500e-02,-5.576221665080355328e-02,1.594291576401935528e-01,8.381551921537536490e-03,8.042936842756545635e-02,7.003782433159773391e-02,-6.119264740802730917e-02,5.993772754097079908e-02,7.827259818082002440e-02,-3.966995425470602049e-02,1.049884190623143754e-01,-4.774519765450734032e-02,1.106586836314497023e-02,1.272116032279002606e-01,-1.069050296753397689e-01,-6.160644833485606547e-04,3.657830495345699984e-02,9.412845608462730440e-02,-5.174674434583727972e-02,-1.298334544924964196e-01,-6.716093255487114166e-02,-1.706222968235562854e-02,5.981137313532025601e-02,-1.081814256413551889e-02,-8.638293541196395697e-02,-1.321229797349872045e-02,-4.079814626381065429e-02,1.572679731914521095e-02,4.098698223706578186e-02
-1.573588578520376813e-02,-1.155459262408510199e-02,-2.184200529744927816e-02,5.219180831748855554e-02,3.187640900685660694e-02,-2.910329279434537009e-02,0.000000000000000000e+00,-1.233095726474346260e-01,-1.755362603535638721e-02,1.178720505505577443e-01,-9.211567435492436229e-02,1.379174693123545389e-02,-1.836333509136253012e-02,-3.823042469162966743e-03,5.071950219431733270e-02,1.642241086507573253e-03,8.589718293616566483e-03,-6.434429292989951935e-03,2.096026778523817427e-02,-9.705196564939875398e-03,1.059698375876527536e-02,8.105640603160282898e-02,8.253272194112928895e-02,-2.913596844156584459e-02,3.857671347874068457e-02,-8.632928632427717963e-02,3.805109954453229221e-02,-3.775575907028703212e-03,1.974601845129039107e-02,4.859415010097455599e-03,2.477004500359581210e-02,3.549223178178878557e-02,1.040770790066086401e-02,5.632835291576806375e-02,2.194996746179135941e-02,-5.385296870579183576e-02,2.494211617324242763e-02,2.611889535028070683e-02,2.298857798609987846e-02,-1.678729449645955524e-02,3.868823871653015358e-03,-1.386520947657954861e-01,3.796285162975523986e-02,-6.769690230599637037e-02,-3.686047889374018116e-02,-1.133334886415197779e-01,-4.905067466926839315e-02,-2.238326980287285925e-02,-1.324442168782497637e-03,-4.674308441042967187e-03,1.038058117123482824e-02,-2.112430058352495615e-02,2.143792560637196223e-03,-2.330018397828074322e-02,-9.061871975316500294e-04,3.767752501035996626e-02,9.770084959286719217e-02,5.193725813845719019e-02,2.777836430754253641e-02,-5.137569093467055960e-03,-9.262643333998836492e-03,3.598139483871311273e-02,1.032708711800018817e-02
-4.128820547402837354e-02,5.973038866249491541e-02,1.195318213452003508e-01,-4.022863260683848946e-02,6.253069102506961241e-02,2.223663860088111177e-02,-1.233095726474346260e-01,0.000000000000000000e+00,7.558193563840118201e-02,1.326055623409058692e-01,-9.913169460580330272e-02,-4.404864370038165389e-02,5.156310972877501536e-02,-6.972223166600946195e-03,-2.444505242500750325e-02,-3.590725027509491987e-03,3.387858781645620293e-02,3.639303050772320358e-02,4.661687720969283702e-03,-1.301028744973390869e-02,-6.101655337407112245e-02,7.829404549504684341e-02,-5.723198467309090903e-02,8.281410963855832807e-02,7.719215076359882410e-02,7.302668607399936777e-03,1.077251729386812240e-01,8.820880714705277292e-02,6.283144021380382763e-03,1.732695902815209552e-03,4.467468885199249343e-04,1.389431124260455050e-02,-1.275939408333016667e-01,-1.610671826466292256e-01,1.129017832621770313e-03,6.310616572340850550e-02,9.561477944289839548e-02,-1.536236753726742954e-01,2.266132806869339267e-01,1.159597093482222369e-01,-3.646959274200869267e-02,-9.853803464264249135e-02,-5.941665338003315928e-03,1.659387129817544992e-01,3.588588712680038789e-02,1.641010770029194960e-02,-1.138735438906844227e-01,-6.251851394746277268e-02,-2.797819139365742558e-02,6.958960623806480228e-02,3.943395767127942653e-02,-1.024755283619353391e-01,-9.606492690351128849e-02,-3.770645691892256929e-02,4.190903609110739614e-02,6.680804639655620047e-02,1.317361871371279525e-01,5.498298127141831859e-02,-4.239700995650174525e-02,6.851485225727720063e-02,6.088372018209264880e-02,2.441502800797003270e-03,3.594263690812295881e-02
-1.037512399815627984e-02,7.694245936817100729e-05,2.342817332973481242e-02,3.364248315932178574e-02,1.086628609567997540e-02,2.507317003077538103e-02,-1.755362603535638721e-02,7.558193563840118201e-02,0.000000000000000000e+00,-7.670221133538096536e-02,-6.025449742107857887e-02,1.175948908518152647e-02,3.140207098704416583e-02,9.677315516542831647e-03,-1.123299876140065705e-02,1.464325597103689758e-02,-6.014369989915132816e-03,1.614767285086482138e-02,2.321973679217580362e-03,-4.625481272792858695e-04,1.731779054487610301e-03,-6.777896654596647641e-02,-2.776734756962930678e-02,1.341305305826026584e-02,1.143677770826318288e-02,-1.837048936545209246e-02,6.039918828557030300e-02,5.750350913812500575e-02,-8.833105711235742993e-03,-2.639352887646118084e-02,-2.045908257499444785e-02,-7.301592768056864181e-04,1.840055571442816840e-02,-2.342039518570907669e-02,-2.195517104947008330e-02,2.311928330194227416e-02,-3.154371649516653133e-03,-9.680411193140206830e-03,9.169542907815467214e-02,-2.257078917459846845e-02,-1.205277622394935674e-02,3.657018294218659926e-02,-3.286850363784891288e-02,4.812896321679178968e-02,4.938322401568550485e-02,1.196592190483414947e-01,-2.378599730887341959e-02,1.820437470403879487e-02,-2.760036109363405050e-03,-8.905519340387839855e-04,-8.429595144808749857e-03,-4.104020274908441734e-02,-4.178311809138851064e-03,8.367725974095954408e-03,1.270976108447702257e-02,4.005429653531391437e-02,2.471675155972998320e-02,1.761064739115075686e-03,-2.561888253642900098e-02,2.879957503944360203e-02,-5.263504080405616639e-03,-3.436187105962900615e-03,9.031778655149049883e-04
6.322060516345798242e-02,-6.150860230413111862e-02,-2.704509314499751668e-02,-2.530518361486224638e-02,-6.011250017144222774e-02,1.216992302177824781e-01,1.178720505505577443e-01,1.326055623409058692e-01,-7.670221133538096536e-02,0.000000000000000000e+00,-8.086367920594854375e-02,-5.056978762242083508e-02,-7.544871307276378170e-02,-5.733522049834951367e-02,2.387438056577925044e-02,-1.439163617598196721e-01,-1.298331237014666573e-01,1.221867541720834394e-01,1.645578234185366556e-02,-1.415417405616154478e-01,-2.628950866355708738e-01,1.109870974385742948e-01,-6.503483371974014271e-02,-1.787535425298497627e-01,-1.856837066564790417e-01,4.562256574807550813e-02,-7.889044460532104730e-02,1.743687063869048814e-01,4.695724743048173416e-02,1.619102874423016813e-01,5.881430229805593296e-02,-8.505246211435307790e-03,1.450287312284085153e-02,9.955123315364745873e-02,5.460607493464660761e-02,1.119782197005729785e-01,-1.075520567997769322e-01,-2.434304174540109778e-02,-1.753835141368985384e-01,-1.985791765740024112e-02,-1.765073850582012799e-02,3.751680233177646928e-02,-2.082581821395051713e-01,-4.296793241235175032e-02,-1.227917783516341566e-01,-9.161331497928732956e-03,-3.701439275438980769e-02,-1.615949474075160583e-02,2.316154802634355914e-01,2.734074529015841915e-01,2.340130441647708948e-01,-7.968401087959361973e-02,-3.831462785211649236e-02,-1.555887979152542344e-01,-2.678945843308897512e-01,1.670538579534992796e-01,2.840384731932219659e-02,-3.415107513473893130e-02,2.645854997690262889e-01,1.070744805870287031e-02,-7.603364268251587565e-02,7.048505773852384131e-03,-9.669707278450298538e-02
1.247952084770631576e-03,5.431621208292838898e-03,9.798868284373984938e-02,-1.068961926028448861e-01,-6.727869949979423114e-02,-9.994635200381407625e-02,-9.211567435492436229e-02,-9.913169460580330272e-02,-6.025449742107857887e-02,-8.086367920594854375e-02,0.000000000000000000e+00,1.463819614746045272e-02,-2.521570452223432721e-02,-1.084765363048404152e-01,-1.664713646851416762e-01,-2.078042590886117758e-01,-2.653566063001978059e-01,-2.708636972079579430e-01,1.043779663272175612e-01,-2.502646226286558973e-01,-3.850664882885598134e-02,-2.080872250395306988e-01,-2.558474471397833017e-01,-3.541522409020934070e-01,-7.638458816962957754e-02,2.184423599146738046e-02,1.113687152529781732e-01,1.446172677624012748e-01,-2.070378613898914699e-01,1.270251719007239356e-02,-3.072120028130622196e-02,3.675576707119580094e-02,-1.258715401921280674e-01,-1.041728676210703641e-01,3.940085831946939232e-02,-1.955079677280522343e-01,-6.204568208146275105e-02,-1.010843837223772274e-01,1.184487750557168678e-01,2.872268864821424933e-02,-3.520136100943981050e-02,-1.737524205165535407e-01,4.862029904990445434e-02,1.410738943527405000e-03,-1.775140712937956222e-01,-1.391749837639810750e-01,4.375472893965396542e-02,1.138406864102320809e-01,-2.466175787192327884e-01,-1.805335023351015700e-01,-2.162949784049628121e-01,-1.060189448007538005e-01,-5.998569922925893472e-02,-1.988434043830035192e-01,-3.359605023259919498e-01,-5.700794115084591163e-02,2.707574440367842977e-02,7.522590776660402490e-02,-7.539734731215416708e-02,1.512950577279050246e-01,1.999571585997195113e-03,4.172509404255035637e-02,-2.411032235638423810e-02
-5.670626246363830170e-03,2.190077776252228811e-02,-1.109336522831471696e-02,1.184138030940187249e-02,1.530834775228162581e-01,1.570639114065612296e-01,1.379174693123545389e-02,-4.404864370038165389e-02,1.175948908518152647e-02,-5.056978762242083508e-02,1.463819614746045272e-02,0.000000000000000000e+00,1.526691096106201975e-02,-5.470160840223244753e-02,1.763030286209528730e-01,-1.308173470362818391e-01,-5.105021639673037320e-02,8.397431695670212748e-02,8.401659137068624716e-02,-1.996393712211523841e-01,-1.847191976027824090e-01,1.236957648012642352e-01,1.231813256975297088e-01,-3.060543462162960138e-01,-3.530892870473893996e-01,-9.793730564785717296e-02,-1.447848410080424808e-01,-1.556350295125983330e-01,1.397659855071946011e-01,1.502944725871102061e-01,2.792240711959005986e-02,2.133390964589752109e-02,9.189642078374929413e-02,5.756202404567632713e-02,7.396314112531637841e-03,-1.521889036920939277e-02,-1.916063998798223783e-02,1.078002818604315849e-01,-5.784213693220492669e-02,7.400264825896493703e-02,-3.511012192368577478e-02,5.708108585458976370e-02,-1.778906964040100069e-02,9.371313110427992310e-03,-6.109843839177860753e-02,-7.351108480726550876e-02,-5.922718456220956579e-02,-2.572993370871931029e-01,-1.559927003875938301e-01,-6.680227812907713059e-02,-6.122165009250044466e-04,1.345408364639474608e-01,4.928092460054879498e-02,-3.334437643030329079e-01,-2.677455804794756089e-01,-1.713494355747712528e-01,-9.732157244148920139e-02,-9.590812723531939865e-02,5.489144563646086716e-02,1.961340969653720401e-01,9.204402991675678103e-02,3.272992092140357412e-02,-3.826714379635798215e-03
-6.740115334976871930e-02,-3.892652318297099706e-02,-2.821997222416314233e-02,-1.704703150985666452e-02,9.594660926493022574e-04,-2.925902066081288028e-02,-1.836333509136253012e-02,5.156310972877501536e-02,3.140207098704416583e-02,-7.544871307276378170e-02,-2.521570452223432721e-02,1.526691096106201975e-02,0.000000000000000000e+00,2.654213175903974431e-03,-1.615427678070681036e-02,5.529141367362939985e-02,6.226977332949168442e-02,8.478120563137850341e-02,-3.136317621008626044e-02,4.270428450979855961e-02,-1.110147322759068161e-01,7.193391873974275263e-02,3.029375415127648005e-02,-2.334016844596147749e-02,-1.178258740154050493e-01,-7.784716818797247917e-02,-4.610306611618369965e-02,5.094802473038695378e-02,1.927981379842381299e-02,9.292201292022593540e-02,6.691492945149686219e-03,-1.757352985296451592e-02,-3.037408220737121065e-02,-1.492637359606379180e-02,-3.880318484359092379e-02,1.714910541882957648e-02,-2.106282989299665311e-03,-4.629318363719439437e-03,3.682449930358946272e-02,-8.281156699072630967e-02,2.839320290613936426e-02,4.075950297118657861e-03,-5.636071898849494971e-02,-1.397877528185770823e-01,-1.953757084639331718e-02,-1.121738757421778324e-02,2.434001305378316257e-02,3.899534207192578922e-04,1.059540358762785378e-01,1.067651082118984129e-01,1.061697060526567010e-01,3.911874752710942267e-03,-8.977764968591130101e-02,-5.603762543993510287e-02,-5.372692081292120697e-02,4.952903371322055215e-02,-4.914290203564416343e-02,-6.013254772309500895e-02,1.028302477225722933e-01,-4.446888066520356814e-02,-5.695870648373420331e-02,-6.543662060591676427e-04,-1.362601760710785426e-02
-2.425579132646943532e-03,3.143045579078788954e-02,3.441684136870800520e-02,6.366995416417062237e-02,5.680167785678641446e-02,-3.366202045245107743e-02,-3.823042469162966743e-03,-6.972223166600946195e-03,9.677315516542831647e-03,-5.733522049834951367e-02,-1.084765363048404152e-01,-5.470160840223244753e-02,2.654213175903974431e-03,0.000000000000000000e+00,-6.007074543079924528e-02,2.959036332645936795e-02,-1.475687166321325641e-02,-1.234532878083117041e-01,2.405501289739733414e-02,2.690001816695371945e-02,9.678410642350225579e-02,-4.434904219673506398e-02,5.685749487863332556e-03,2.431975300401609946e-02,2.076691781850434348e-01,1.701393112257814921e-01,6.803723382191437241e-02,-1.096180956854187760e-01,-5.666882275667876889e-02,-1.104252264426305585e-01,4.200560315449732192e-03,-1.686154398985588096e-02,8.948001126338863548e-03,-1.182512435756646711e-02,-3.011160578526305559e-03,-6.715602012901740643e-03,5.993632930655433400e-02,-2.188676236855846644e-03,1.131296473896825638e-01,-3.868251363227780126e-02,7.201293677327258620e-03,-5.227060336703190889e-03,3.443352730027197245e-02,-7.810764180659854339e-02,1.486909150859755391e-02,-4.520763653889516703e-02,1.878074905980672490e-02,-7.127046173043774524e-02,-6.959762352626105986e-02,-1.344304953611463183e-01,-1.120211369242259669e-01,-6.664981359200868039e-02,2.941828256761290852e-02,1.168983045240998830e-01,4.339000050338924497e-02,-1.053176226780376812e-01,8.870537547698132894e-03,6.529725580616177472e-02,-8.759486012478014116e-02,-9.256700238989440735e-03,7.303303261281508807e-02,-1.251205079069542606e-02,-3.923794096664835404e-03
-2.897470766596793590e-02,-1.904659683445737439e-01,7.340695444739928077e-02,-4.165786936852784728e-02,-4.434304292145700016e-03,-1.549108459260708712e-02,5.071950219431733270e-02,-2.444505242500750325e-02,-1.123299876140065705e-02,2.387438056577925044e-02,-1.664713646851416762e-01,1.763030286209528730e-01,-1.615427678070681036e-02,-6.007074543079924528e-02,0.000000000000000000e+00,-7.673651905891211433e-02,-7.088971460982787520e-02,1.874793290301304816e-01,7.885783694991328752e-02,-1.152891182323064478e-01,-2.586795792843049613e-01,-6.971456826792736539e-02,-4.154063172176335889e-02,-2.071750563294438297e-01,-3.702988684958231080e-01,-1.674368835918236820e-01,7.229071815191870365e-02,7.526616779129993717e-02,-2.162976985459961338e-02,1.334507940993019115e-01,1.088334294398137364e-01,-6.551682496861688243e-02,-6.694333833854626548e-02,1.125134297832593513e-02,-2.419189245303583757e-02,-3.862623767597700430e-02,-8.986801211858777907e-03,9.427853879848967222e-02,3.639675590768107899e-02,-2.073956840492663378e-02,-2.251141485690595981e-02,-1.355702914273571036e-01,2.635654726781939614e-02,-2.922427924149181670e-03,-5.717443075034762956e-02,-1.370502526811643862e-01,-5.086759929208874847e-02,-9.345331782269168663e-02,1.383655931346244317e-01,1.772074947646416765e-01,4.089683380090090858e-02,-4.436332108450516398e-02,-9.785182026149642776e-02,-3.426675763027747790e-01,-8.848123163643803468e-02,1.314126299121990138e-01,-9.064952695028756502e-02,-2.000318245826830307e-02,2.603249626507304626e-01,7.098242724276886129e-02,-1.540321148632690096e-01,-3.124657498898240730e-03,-7.297727901081252355e-02
1.238590191764172010e-01,9.851334281372581270e-02,3.880628538118559984e-02,8.419521043837760454e-02,2.152966481767904644e-02,2.725388683436114762e-02,1.642241086507573253e-03,-3.590725027509491987e-03,1.464325597103689758e-02,-1.439163617598196721e-01,-2.078042590886117758e-01,-1.308173470362818391e-01,5.529141367362939985e-02,2.959036332645936795e-02,-7.673651905891211433e-02,0.000000000000000000e+00,-1.164162701593308286e-01,-1.883857742914516464e-01,-4.830342632505084388e-02,5.813279840785799679e-03,9.806491925550678279e-02,3.812716690296248830e-03,1.622147342098947259e-02,-6.184439465870974345e-02,1.738598247550441900e-01,1.383130084147727312e-01,-2.956554913274413859e-02,-1.773887520205025548e-01,-1.657984059364301377e-01,-1.675222859816578591e-01,1.060493931350998259e-02,-2.119519822907966859e-03,1.249305212613859017e-01,6.591957672848565430e-02,3.151560406530021924e-02,-2.787447518666688780e-03,3.485516596173805770e-02,7.278098346446811029e-02,2.996270581661609339e-02,-1.342880012376133081e-01,7.585607494561029569e-03,-2.168668062397070134e-02,-1.485596500812535505e-02,-8.594246950237324767e-02,9.146208836123510127e-03,-1.592519810941237512e-01,-5.293661904656699058e-02,-2.166105198890854733e-01,-6.704672105654430059e-02,-1.616799120905242915e-01,-1.666668121693320459e-01,-3.345775611547699424e-02,4.498170128902130582e-02,1.920175002695421740e-01,-5.618741122280342115e-02,-1.590229040203788580e-01,-9.799663833897247212e-02,-7.604098501594019899e-03,-6.836078986781793376e-02,-5.568920057019569742e-02,9.756671224834026490e-02,3.311855550523574911e-03,3.134316083677708697e-02
4.840544090438463065e-02,-1.212067556299957494e-01,-5.127517027647622572e-02,8.053414321999526060e-02,6.084289071257742432e-02,-8.363300598511440309e-02,8.589718293616566483e-03,3.387858781645620293e-02,-6.014369989915132816e-03,-1.298331237014666573e-01,-2.653566063001978059e-01,-5.105021639673037320e-02,6.226977332949168442e-02,-1.475687166321325641e-02,-7.088971460982787520e-02,-1.164162701593308286e-01,0.000000000000000000e+00,-1.380895266828067736e-01,-9.961371238733110478e-02,-8.304832815594564988e-02,-1.492968945529398184e-01,3.966219497699820934e-02,6.507806365746027222e-02,-1.328043672874840431e-01,-3.362836464323724073e-01,-1.805597007237381424e-01,-8.299610194439810407e-02,-1.275307519427452685e-01,-1.774037138721619444e-01,3.385955033468907027e-02,1.371213105261472887e-01,-6.727167710564052605e-02,1.069714743042234073e-01,4.417893056099062715e-02,2.826859871914344687e-03,-4.759731786076349530e-02,-1.402810739687841354e-03,-2.477692640292618667e-02,-1.387139603549107369e-01,-1.708827071197218661e-01,6.562861309932319521e-04,-1.079022140294928905e-01,4.799732797412963048e-02,-2.415793119428168503e-02,-4.936996126661380435e-02,-2.315041937716819098e-01,-5.188051133992155339e-02,-3.276698888654215880e-01,7.962631783714280154e-02,-3.996066672885687648e-02,-8.869322707706550624e-02,-2.394045744406901599e-02,7.010065082354628718e-02,-2.562786226504331633e-01,-5.344601950703888049e-02,-1.335751222659186666e-01,-1.777957038340528817e-01,-6.386249993624446009e-02,1.033162944158821928e-01,2.809872028513417733e-02,-1.245501390541096515e-01,-1.935539739250562510e-02,-7.361239576770746418e-02
9.744876011055695827e-03,-1.176801769878268733e-01,-6.347053459475057724e-02,1.028479597355324432e-01,1.143588767085065017e-01,-9.662114579728203756e-02,-6.434429292989951935e-03,3.639303050772320358e-02,1.614767285086482138e-02,1.221867541720834394e-01,-2.708636972079579430e-01,8.397431695670212748e-02,8.478120563137850341e-02,-1.234532878083117041e-01,1.874793290301304816e-01,-1.883857742914516464e-01,-1.380895266828067736e-01,0.000000000000000000e+00,-4.843851280279209970e-02,-9.151199129166952273e-02,-1.800792602151069510e-01,1.297151380093134188e-01,8.495563333641313608e-02,-1.636020112794598080e-01,-4.178198004517401642e-01,-2.133080587311080301e-01,-9.097112634155693489e-02,-1.168715794242292938e-01,-1.446590168962875733e-01,1.129121188591558217e-01,1.372888642254080360e-01,-1.010329198532559369e-01,8.344838274591832861e-02,-2.128279076331403979e-02,-2.086915094387102945e-02,-6.102130601614493000e-02,-4.609391030021918120e-03,-6.000233195968905642e-02,-1.672910826448130717e-01,-5.494186255302044991e-02,-2.134644113581567540e-02,-1.430999729503558970e-01,5.734129705801105197e-03,1.195664119575323286e-01,-1.700765275557928891e-01,-3.090512972128142133e-01,-9.643248483836570906e-02,-3.789964219543591750e-01,1.542326877702595023e-01,6.115699347645395939e-02,-3.230301828999326830e-02,5.211490917514135374e-02,1.398673873993145841e-02,-3.251332684636398795e-01,-1.648430323743829001e-02,-1.041764267740889205e-01,-2.379965521042744503e-01,-2.191646540140002597e-01,1.974983720872650894e-01,1.061655824399305309e-01,-7.600291944100945329e-02,-1.226399294800435170e-02,-1.385290559594420934e-01
-2.172201379501833771e-02,-8.031779965052496251e-02,8.499573300138375809e-03,-2.379975032616499925e-02,-4.278990639393505380e-02,2.887245003275352648e-02,2.096026778523817427e-02,4.661687720969283702e-03,2.321973679217580362e-03,1.645578234185366556e-02,1.043779663272175612e-01,8.401659137068624716e-02,-3.136317621008626044e-02,2.405501289739733414e-02,7.885783694991328752e-02,-4.830342632505084388e-02,-9.961371238733110478e-02,-4.843851280279209970e-02,0.000000000000000000e+00,-2.190374208733424782e-02,-1.893812698650927939e-01,-1.040227224186519306e-01,-1.235652918339952694e-01,2.981258772769882631e-02,-1.342990448067216680e-01,-1.657455492023501287e-01,4.369756706161278398e-02,3.757765946391659201e-02,-1.696023068479430435e-02,2.853676533457344573e-03,4.642756750144796246e-02,2.416793034925709266e-02,-3.998204389816506499e-02,2.238604848955853821e-02,-5.766638634415486436e-02,-1.247008415955191268e-02,-1.029906980205437007e-02,2.460291452632075437e-02,5.506264275913943379e-02,-1.183678093925380134e-02,-1.116334287705540024e-03,8.063236848664330492e-02,-3.659264516967740410e-02,-2.890357196255981601e-02,3.389862252333245007e-02,9.802041276356725230e-02,-4.171127876548083417e-03,1.384766018653426148e-02,-1.228963711580691176e-02,-2.989289139195807493e-02,3.131340186938852237e-03,-1.771116254075094099e-01,-6.334798660540605364e-02,-1.940468345122408900e-01,5.051254985740315576e-03,1.180278683632406678e-01,-4.456230475698519378e-02,-7.117883982135300713e-02,-6.400954435809211307e-02,3.927094752320250959e-02,-1.849658247145950438e-02,-1.253898892628398619e-02,-3.187352299528363551e-03
1.315121949606296026e-02,1.519938239689265225e-01,-9.208587214112462505e-02,1.870034963419889978e-02,-8.666792817179229391e-02,1.737529267016987107e-03,-9.705196564939875398e-03,-1.301028744973390869e-02,-4.625481272792858695e-04,-1.415417405616154478e-01,-2.502646226286558973e-01,-1.996393712211523841e-01,4.270428450979855961e-02,2.690001816695371945e-02,-1.152891182323064478e-01,5.813279840785799679e-03,-8.304832815594564988e-02,-9.151199129166952273e-02,-2.190374208733424782e-02,0.000000000000000000e+00,-6.379432554813889433e-02,1.465414778491319625e-01,6.731371623724012598e-02,-1.350938490197952369e-01,-1.376607296653868107e-01,-1.040339160249837275e-01,-4.400207234048061911e-02,-1.270809683671531298e-01,-1.479807146635310211e-01,-6.993050807219072795e-02,2.671410708487723107e-02,-9.314235260480585588e-02,1.074290720265740628e-01,8.010680172754729850e-03,3.482248312920095679e-02,-2.079259910867274630e-02,-1.023812121818401880e-02,-8.570583164924643060e-02,-1.053574106208708255e-01,-1.016303378959608067e-01,-2.203638232590599683e-02,-9.089062598435870832e-02,5.266432547173240802e-02,-3.277275857637805545e-02,4.727330441924365578e-02,-2.013143268912105932e-01,-6.741852139723809867e-02,-2.868663677268098455e-01,-5.765253846340891164e-02,-1.543815151650184715e-02,-2.745253475585203162e-01,-7.966036287939017024e-02,-9.534463840804674115e-03,5.332195370151856378e-02,-7.885478407618140215e-03,-1.542296171528234061e-01,-1.073285563735655729e-01,3.638496626853300608e-02,1.614597629287050640e-01,9.598984632973392092e-03,5.957935350786469630e-02,-5.275240557179734779e-02,-3.118906232094438222e-02
2.138443672286260804e-03,4.261962372581198921e-02,-1.098302141947144622e-01,-3.950344517765581182e-02,-1.947998230700366817e-01,-1.360378594668838672e-03,1.059698375876527536e-02,-6.101655337407112245e-02,1.731779054487610301e-03,-2.628950866355708738e-01,-3.850664882885598134e-02,-1.847191976027824090e-01,-1.110147322759068161e-01,9.678410642350225579e-02,-2.586795792843049613e-01,9.806491925550678279e-02,-1.492968945529398184e-01,-1.800792602151069510e-01,-1.893812698650927939e-01,-6.379432554813889433e-02,0.000000000000000000e+00,-4.550011185011226464e-03,-2.411717972244089570e-01,1.337422306185410137e-01,3.459754694129696939e-01,9.000310455475606097e-02,7.978533010571749184e-02,1.574635827704384261e-01,-2.434727471724208725e-01,5.491624218673492319e-02,1.232896874863267378e-01,7.243674204300772079e-02,6.969272750875075972e-02,9.415908955414693804e-02,-5.685049989256563130e-02,-4.390125695217187568e-02,-2.078461416064438308e-02,4.001686818753414504e-02,-1.268996428802992849e-01,-1.368738408476613544e-01,-4.677993913444854560e-03,1.673393553047548138e-02,1.838246002519158540e-01,-1.806158283999462211e-01,2.059977989811205834e-01,1.238410603234092744e-01,3.852346645837181893e-02,2.172190898828546268e-01,1.104517266450299323e-01,-1.152138607872577880e-01,-2.958432061029421800e-01,-2.300833719774352804e-01,-8.408947703099188542e-02,1.584787540644227999e-01,-4.726982092701110388e-02,-1.797891148512177906e-01,1.542768193731549886e-01,2.784033634419945669e-01,2.148501117112291414e-01,1.220777663307370461e-02,-9.475109591969765876e-02,-1.118259843283546731e-02,1.332897548070307858e-01
-3.319273985953121592e-02,-1.992271518575268741e-01,-1.251732515482392380e-02,-3.976450738126298401e-02,3.829795826505652805e-05,-4.639964731600484255e-02,8.105640603160282898e-02,7.829404549504684341e-02,-6.777896654596647641e-02,1.109870974385742948e-01,-2.080872250395306988e-01,1.236957648012642352e-01,7.193391873974275263e-02,-4.434904219673506398e-02,-6.971456826792736539e-02,3.812716690296248830e-03,3.966219497699820934e-02,1.297151380093134188e-01,-1.040227224186519306e-01,1.465414778491319625e-01,-4.550011185011226464e-03,0.000000000000000000e+00,2.869234041509186733e-02,3.664337176834522175e-02,-1.236087717121935325e-01,3.047312127174967543e-03,-1.183506988158436191e-01,6.445971349217929740e-03,-5.718381272183241382e-02,7.820270156575778731e-02,4.202338814067115014e-02,-4.630753346683347434e-03,-5.235466893010061462e-02,5.857760527295093056e-02,-4.764812047011224294e-02,1.235183876496733814e-02,-1.535123250772771689e-02,1.679521800023341671e-01,1.310875016593017750e-01,6.607029111447984895e-03,-8.447697716840493753e-02,-1.337119753181130188e-01,-1.252527858261602012e-01,1.773101706409739575e-01,4.272857961590713349e-02,2.990685714755378366e-02,-6.763708326403201909e-02,-1.338711212225903169e-01,7.369285551596907458e-02,2.298461452878842459e-01,1.659326486995104100e-01,2.798632663838969692e-01,6.096019982752167582e-02,-6.735297162019308892e-02,-1.067761403340706516e-01,1.305119960204988508e-02,1.653865870245235514e-01,5.780515621209523364e-02,1.650723034298085534e-01,-2.020304174405433972e-01,-2.208150325202692110e-01,-8.498380907249171445e-03,-5.078207225031032557e-02
-4.259560907538621766e-02,-2.064655783063107375e-01,4.043872179908594711e-02,-3.587613453734110613e-02,-2.001051072089745850e-02,4.142523812253795859e-03,8.253272194112928895e-02,-5.723198467309090903e-02,-2.776734756962930678e-02,-6.503483371974014271e-02,-2.558474471397833017e-01,1.231813256975297088e-01,3.029375415127648005e-02,5.685749487863332556e-03,-4.154063172176335889e-02,1.622147342098947259e-02,6.507806365746027222e-02,8.495563333641313608e-02,-1.235652918339952694e-01,6.731371623724012598e-02,-2.411717972244089570e-01,2.869234041509186733e-02,0.000000000000000000e+00,-1.065619285460608634e-01,-3.142374322802400366e-01,-1.911897858856182741e-01,2.520397570157036776e-02,5.910248074968937892e-02,-6.388360262348946605e-02,1.575639125300126453e-01,1.486161145227229696e-01,-3.012731708690987581e-02,-2.100739378870817783e-02,2.352358532980581424e-02,-7.186818440294744093e-02,1.055200695968907566e-02,-3.428057191331031900e-02,1.943234563730534756e-02,7.041886440959997662e-02,-8.536221938010299382e-02,-2.673868903129195118e-02,-1.522813488428476081e-01,1.522062764924116129e-02,-2.144906005572264074e-02,3.956027939442271352e-02,-1.675935539861469203e-01,-1.274791957508995266e-01,-1.996109000742494755e-01,6.659371593286159130e-02,1.513102394564803943e-01,1.807049898863845663e-02,1.458920572443380692e-01,7.606748340225955030e-02,-2.505580952442590936e-01,-2.662120136992205954e-01,-1.665318929254219413e-02,2.139728996389840890e-02,4.419309515640838792e-02,8.481534211016764080e-02,-5.634426078690295270e-02,-1.814786523041407862e-01,7.921958722885796139e-03,-6.362837634855030011e-02
1.411831623278319570e-01,2.579193197269968318e-01,-9.332213637071466728e-02,1.339293555786750523e-01,-7.568152040564253558e-02,-1.076187574166277139e-01,-2.913596844156584459e-02,8.281410963855832807e-02,1.341305305826026584e-02,-1.787535425298497627e-01,-3.541522409020934070e-01,-3.060543462162960138e-01,-2.334016844596147749e-02,2.431975300401609946e-02,-2.071750563294438297e-01,-6.184439465870974345e-02,-1.328043672874840431e-01,-1.636020112794598080e-01,2.981258772769882631e-02,-1.350938490197952369e-01,1.337422306185410137e-01,3.664337176834522175e-02,-1.065619285460608634e-01,0.000000000000000000e+00,2.753013091717049221e-01,1.072758879960677147e-01,-4.042467079603907082e-02,-1.847576606118179476e-01,-8.271898551617951068e-02,-1.168531781578659584e-01,5.664742754431069394e-02,2.856348013339489542e-03,1.677978872113784770e-01,6.995588365925822782e-02,1.012610176337231244e-01,4.536755075053178210e-02,8.130525759051090984e-02,-1.041900848270077146e-01,-1.546834136779705049e-01,-1.919188177670915485e-01,-8.659641162194231176e-03,-5.757372793017915408e-02,-1.077945704159665938e-02,-1.610784941493702827e-01,-1.152742573236706890e-02,-2.275058386427059320e-01,-3.993345252441089788e-02,-2.736464527449390949e-01,-2.604509801827141133e-02,-1.907732859741966269e-01,-2.460474770090487762e-01,-2.652495653547670695e-01,4.601526189692918545e-02,2.464773858018576291e-01,9.916573143112254740e-02,-2.041801269767675175e-01,-1.179320329727985561e-01,-7.083171283397667051e-02,-2.333123341272704335e-02,1.440315306156678965e-01,1.802579033702647882e-01,-2.643683624020881640e-02,1.865566381634039747e-02
