0.000000000000000000e+00,-4.357435227147782135e-03,-4.836736582834643078e-04,-3.942611749184322251e-02,-1.975228080291982491e-02,-1.590037448745100501e-02,-2.177906131112471860e-03,8.680854910858051832e-02,-2.171805092594135400e-02,2.696203977890623132e-02,-1.249253872516102246e-02,-1.117168558681866722e-02,-2.703272420670018231e-02,-3.809657661307112170e-02,-3.489928345861841030e-02,-2.240603742275750626e-02,3.211340054533892620e-03,-2.328290152827912872e-03,-2.482668241751099722e-02,1.131118634262286496e-02,1.881470798631226793e-04,1.255559036159794098e-02,-5.888085311262641897e-03,2.412822570045437126e-02,-2.144600833474970963e-02,5.884495307083548177e-02,-9.140316381434759538e-03,-1.012996707351219820e-02,-2.436654864509451082e-02,-1.256158682291791742e-02,-5.864537272259858283e-03,-1.919412559788214595e-02,1.887590785764258622e-02,-1.539000643029264995e-02,3.898431593341657175e-02,3.047212724990046653e-02,-5.835963352267332926e-02,-7.528020456550352235e-02,1.349261624201081268e-03,3.574141873466716440e-02,-1.408791240657656339e-02,9.991095592370411588e-03,-6.232869247784462476e-03,-5.216152072019497599e-02,-5.076412905747296200e-02,-2.792976685716321364e-02,-1.985975136071972680e-02,2.147924367115110200e-02,1.556310414273507324e-02,-7.991345679765640003e-03,-1.301472458792530228e-02,4.431834559806972079e-02,-5.423063693410062891e-02,-1.645070985368092195e-02,8.514662216053269991e-03,1.163252800131111750e-02,-2.143127596648797609e-02,-2.889549590845594956e-02,9.283179132118790644e-02,-2.870107800715328977e-02,3.718037375832198427e-02,1.500539546098096644e-02,9.600636804108428346e-03
-4.357435227147782135e-03,0.000000000000000000e+00,-4.051216860276260490e-02,-3.806371578362151287e-02,-5.409997229502951088e-03,-5.988554415766331185e-03,-4.080432354398418060e-02,1.863393128887100292e-03,3.017875402458882611e-02,-1.633279461696898662e-03,-8.799664127298136018e-03,-1.069600723454392117e-02,3.023846779787977418e-02,-3.318439715816846880e-02,-2.199168324020800078e-02,-1.452677905646279286e-02,1.204165390659759846e-02,1.816169366097721699e-02,-1.925461555118763990e-02,5.824673173534561550e-03,1.541970493105134475e-02,-1.457387275102221304e-02,-1.038912054680406205e-02,-9.497863524952614850e-03,1.454445342737889849e-02,-1.250206224162420457e-02,1.394341673328298656e-02,-3.989684625557567837e-03,-3.499642678200799630e-03,-1.017535294436997147e-02,9.656705527340044698e-03,-1.347931939237454781e-02,1.554559217102330880e-02,-4.704837996018775004e-02,-2.396023675133019185e-02,-2.717420096818844860e-02,-5.203122857259928624e-02,5.875287188491028212e-02,-7.249016175345200652e-02,6.067703478344402962e-02,1.199487340774735289e-02,1.257081523197619601e-02,2.431757838317685771e-04,1.581640362308344566e-02,-2.404034045862651903e-02,-1.242103218704768836e-02,-3.479606780649981135e-02,2.516129592203848048e-02,-1.567606161608940674e-02,1.738229251439634554e-02,-4.865653469468313348e-03,1.973557053196769995e-02,-2.863039837055537593e-02,-2.052531899169290561e-02,4.204742209992296149e-03,9.392000628682791114e-04,-1.708341299288446830e-03,-6.179888321682942137e-03,1.502435831877626735e-02,-1.398973382658290354e-02,3.642982081468028408e-03,5.451100773898757967e-02,-2.673663082171802083e-02
-4.836736582834643078e-04,-4.051216860276260490e-02,0.000000000000000000e+00,-4.969294942020970746e-02,2.496534176872087368e-02,-4.962031837988193500e-02,3.896543750289002076e-03,5.385925711338588467e-02,1.878642871865864872e-01,-7.409725710337634885e-02,-3.463802463635527740e-02,1.610328847120467144e-01,-4.225831071954670726e-02,-7.869645850204512461e-02,-4.570654961821487422e-02,1.382565399270754315e-02,-1.710364670279112403e-02,-3.493194027797610207e-02,-3.163123273824829107e-02,1.078002251225218255e-01,-3.383987378139548252e-02,1.470930864944803018e-01,-2.545910196331194197e-02,2.778531096181544729e-02,-5.979458856764831298e-02,9.769007728419915049e-02,-6.644358248704787528e-02,-2.260410795744549270e-02,-3.049708104961548066e-02,-1.655975688445494864e-02,-7.767460276049728551e-02,-3.695855090304474982e-02,-1.418949981286414877e-02,2.664192169253761303e-02,9.539906825013542632e-03,-1.172837957809048058e-02,2.415118456044669515e-02,-2.083412689598625883e-02,2.552014687011133071e-02,-1.457964554241814557e-02,-6.233165158223189645e-02,-2.396300614555322769e-02,9.713303413827062687e-05,-5.917256132944655189e-02,-2.857417572622179130e-02,4.696429968163114144e-02,5.497242326866387530e-02,-7.922856187660871907e-03,-1.173637678327566977e-02,1.941868114748252286e-02,1.542801866055186488e-01,1.654553843550979619e-01,-2.475941976277900441e-02,-3.492681263773624034e-02,6.617689600661416649e-02,1.419548728430473569e-02,-7.059332583551465590e-02,-1.082970773024185956e-01,1.313290262619111748e-01,-7.059700365076199136e-02,4.893109018525856717e-03,-4.411475832658431212e-02,-6.833832055335653348e-03
-3.942611749184322251e-02,-3.806371578362151287e-02,-4.969294942020970746e-02,0.000000000000000000e+00,-1.646575059068955404e-02,-1.008666346429049586e-02,-5.370364460011264190e-02,6.587507698677552703e-03,3.481388425113397800e-02,9.132310648624493432e-02,6.669490058985319547e-02,-2.477510160571234216e-02,-6.056761017673182451e-02,-4.113499500691780719e-02,-1.279813781616440625e-02,-1.291902724439106774e-02,-2.346253847968394340e-02,-1.228830933299237052e-02,-6.838110653597238506e-03,-1.275302018250924242e-02,-1.295559631009250354e-02,-2.731888006881153658e-02,-2.129912565296446930e-02,2.913971247258854286e-02,-3.294160347809327099e-04,1.022864552986944703e-01,8.396624090113102845e-02,2.250691831963700512e-02,-2.073578501239312782e-02,-3.492694571288749300e-02,9.849444967421558395e-02,-4.941065909894751945e-02,2.768177503554489910e-02,-3.993787052577650598e-02,-6.443552836652052807e-02,-8.142961460071918706e-03,1.969741124776850094e-01,-6.550030465480126407e-02,-1.018551975366448481e-01,-4.268240670510552864e-02,-2.053198210789096770e-02,8.899756158894881614e-03,2.838318561832595815e-02,-2.576061890318573355e-02,-3.231885642235341610e-02,-2.254825919013379171e-02,2.178244660493695167e-02,-1.192619489993764978e-02,-5.001727341503657900e-03,-2.687090355052131844e-03,-2.774566687778320245e-02,-1.969991390854299029e-02,-2.911645009103406775e-02,-2.416964406769646703e-02,-1.644021209277083534e-02,5.309036584891967114e-02,1.729672694688457260e-02,6.787794260673218893e-03,5.414391192191303492e-02,4.598866636010950221e-02,-7.022986351941776229e-03,-1.021669405206471247e-03,-9.398689757131210160e-03
-1.975228080291982491e-02,-5.409997229502951088e-03,2.496534176872087368e-02,-1.646575059068955404e-02,0.000000000000000000e+00,4.155952301254507708e-02,-1.104911275963444892e-02,4.939351689297352514e-03,-2.382747799524847360e-02,6.427978618751763185e-02,8.865881164107689005e-02,-1.011868626329298724e-03,-3.424278422596110233e-02,2.014379248087236254e-03,-2.786240429481013497e-02,1.369409742802480887e-02,3.613135021656860985e-02,5.809423581423994731e-02,-2.923930554454666833e-02,-1.725187612432173972e-02,3.565088543165885471e-02,-3.758011959013242420e-02,-1.233016853801300987e-02,9.984900507351597912e-03,-1.172549213964387341e-02,3.428324213019684312e-03,1.714518705376072774e-02,-3.413729364499594465e-02,-2.550921664372147318e-02,-2.227417610257737685e-02,-2.530383373663413343e-02,-4.349479485239855781e-02,-2.684954000438683624e-02,-1.636173879402184547e-02,-1.970460990876581747e-02,6.078220923506660531e-03,-4.443887216916168892e-02,2.547328921720246747e-02,-3.006427359056775689e-02,6.653804107491609332e-02,5.989684379454877222e-02,-4.038246242492893497e-03,3.270357851297789331e-02,3.516058417367416006e-02,-5.879679072241035531e-02,-1.568332864910497362e-03,2.098137208357977318e-02,-3.093678971261976378e-05,-4.328596740651007024e-02,-2.063098902193934853e-02,1.710968274710936848e-02,-3.202154166397219726e-02,3.784421463329363383e-02,-1.503942567183638376e-02,-1.415296344613667899e-02,2.898646497767582309e-03,-6.278880962074737289e-03,-1.890796395331917346e-02,5.143212930768166838e-03,-9.794125659730930356e-03,-9.898100709177799772e-03,-1.767239918662523099e-02,4.460127889652718176e-03
-1.590037448745100501e-02,-5.988554415766331185e-03,-4.962031837988193500e-02,-1.008666346429049586e-02,4.155952301254507708e-02,0.000000000000000000e+00,1.134496161215814425e-01,-4.518901706610591040e-02,-9.784513964506798972e-03,-6.265190789013133643e-02,-9.685377866129447899e-02,-3.494861956942235562e-04,-9.226437281533281590e-03,-7.019124459721511056e-02,-2.177558678162383465e-03,-2.112880600893587285e-02,7.557659287831693107e-02,1.250283399661424322e-01,-2.729609240948326424e-02,3.334067924873817309e-03,7.419348701736791507e-02,1.403460803120560041e-01,-2.283113005466098216e-02,-6.551854261951847551e-03,5.316112765933331090e-03,-7.218091332546132388e-03,-6.632592962222470800e-02,1.123925127378871784e-02,3.749032419802159760e-02,-4.617727756049008064e-02,-1.009982623403500937e-02,-1.524990435475750451e-02,-4.313988814726615884e-02,2.179876916596936581e-02,-1.970164313762293173e-02,-3.455782548067274501e-02,-3.499276780497716927e-02,-6.851475828814302879e-03,3.930488315932659932e-02,-5.900617830583900630e-02,-1.748988140034700989e-01,-1.111094358095118285e-02,1.513416924918228532e-02,-4.877822834586352518e-02,-8.565660383346136719e-02,-3.865698742097878338e-02,-4.753645842210422329e-02,-5.404672812494470263e-03,-4.110750435815975143e-03,4.896351699951250608e-02,1.291575441492716879e-02,1.052037513117161371e-01,-5.826603231486506690e-03,4.484353307656166986e-03,-5.133070814908879953e-04,-2.368206283074465388e-02,-3.457716980029731241e-02,-3.971750208338517552e-02,-1.264326611347489637e-02,-5.433184071385206704e-02,2.179979972525103449e-02,2.354430814275684444e-02,1.411818891911250339e-02
-2.177906131112471860e-03,-4.080432354398418060e-02,3.896543750289002076e-03,-5.370364460011264190e-02,-1.104911275963444892e-02,1.134496161215814425e-01,0.000000000000000000e+00,3.439899636389420756e-01,-4.736432228826460006e-02,9.628066625710804405e-02,-4.721906613391483459e-02,-9.132446669087948901e-03,6.721958071173103622e-02,3.683839454811227432e-02,6.848654873787912711e-03,-2.486312010608293654e-02,-1.065663633270709509e-02,-1.623328682371338177e-02,1.709356188767226876e-03,5.011177979032290473e-03,-2.172066518626286288e-02,-2.125575761145355805e-02,-1.669444475144887113e-02,4.089189948642518030e-02,3.604642222649073139e-03,1.751934390915697165e-02,1.158180644261533158e-02,2.384948555226128891e-02,-7.296625853601581072e-03,-3.497288819451731257e-02,-3.624476970588094878e-03,2.641254936814812007e-02,-2.117317656537031495e-02,6.166462309147123511e-02,1.207659348538463462e-01,2.141334642837594560e-02,-1.579623743219686974e-02,-6.152137142764422389e-02,9.783298672459390943e-02,9.261350939904208768e-02,5.811057396552223031e-02,-2.458516110707551980e-02,3.258930817419249809e-02,9.475223233308267823e-02,-1.102237092585646797e-02,-7.855412635584891126e-03,-4.993720353565691411e-02,3.270833543699687429e-02,-1.795543831766756998e-02,6.512696898053476637e-05,3.769646148950798505e-03,-4.182357758209841181e-02,2.617853090298376956e-02,-2.901144784470223621e-03,-2.181657421459142279e-02,4.888275725113389730e-02,-4.041336008037269174e-03,-3.575350452745389151e-02,6.758561565193114962e-02,-3.828393004024319146e-02,-4.045832117035331327e-02,-3.914920576638543023e-03,-4.281029058121288422e-02
8.680854910858051832e-02,1.863393128887100292e-03,5.385925711338588467e-02,6.587507698677552703e-03,4.939351689297352514e-03,-4.518901706610591040e-02,3.439899636389420756e-01,0.000000000000000000e+00,1.529733016909332333e-01,-5.936676594446654853e-02,-1.561993345947227385e-01,9.672001081895580110e-02,7.503562210963957146e-02,-3.855509728697705668e-02,7.709019187813075102e-02,-6.843557086670072273e-04,6.143708912626044683e-02,4.237739769100205139e-02,4.279401478554406449e-04,7.356101489947861061e-02,2.649484634818751599e-02,2.397289558177036761e-01,-2.607384126033016752e-02,-2.512858987183385143e-02,3.281676109218429477e-02,6.439830615065343655e-02,-5.306971972862246922e-02,-9.572645429613592383e-03,5.363778897282787256e-02,7.388576035795331107e-03,1.576344327370991089e-02,4.720438813283214102e-02,-2.598322883776016477e-03,6.563523495868063551e-02,6.618114178592551800e-02,-3.216743674340230563e-02,1.341290715955843205e-01,1.661438584432762405e-02,2.237924044527449807e-01,-1.822250105617000959e-01,-1.323776638394459082e-01,-1.632641333280234613e-02,-7.890888713492239664e-03,8.441176532068314642e-02,-7.255390311485458710e-02,2.447627276704058760e-02,1.464011481845515703e-02,-7.262907009861219350e-03,1.998804164667000380e-04,1.211552491626549932e-01,4.625980932212313962e-02,1.386048233762293691e-01,5.392455653793636061e-02,2.525147948290927882e-02,1.643588984766223421e-02,-2.827535762728207794e-02,-5.318399007968178938e-02,-7.941491327208613504e-02,3.653327353163794700e-02,-6.757158776268401557e-02,1.262728891506324502e-01,4.159362772179946155e-02,-1.244389536656004616e-02
-2.171805092594135400e-02,3.017875402458882611e-02,1.878642871865864872e-01,3.481388425113397800e-02,-2.382747799524847360e-02,-9.784513964506798972e-03,-4.736432228826460006e-02,1.529733016909332333e-01,0.000000000000000000e+00,1.500832209905308967e-01,1.267160159787698581e-01,2.298633099605968018e-03,3.869783383481920774e-02,3.344712188708719169e-02,1.758949144512560875e-02,2.973586009662555416e-02,4.298902662217603254e-02,7.042619779827151427e-02,-3.969391421618655158e-02,-2.941622406679885240e-02,9.170388072070323471e-04,6.183374245973787941e-04,-6.535016539881574604e-03,6.245095785755794618e-03,1.533905758146962561e-02,1.529678075151915881e-02,-4.610414687691959112e-02,-3.191137266038149983e-02,2.865118220265925469e-02,-1.846520798959905285e-02,-3.901125752376261024e-02,5.235555818018480106e-02,-3.918693027777896132e-02,-8.377236311661387380e-04,3.088328120212840977e-03,2.518684937703727922e-01,-3.754696550173346192e-02,9.271563187682772822e-02,2.824063382824779089e-02,3.582682574531445563e-01,-1.258650542064332079e-01,-2.496642522816403323e-02,2.506042117410950398e-02,1.325080523084463599e-02,-3.941038142698286700e-02,-3.792380790251891065e-02,-2.213637523334897189e-03,5.883839639977158503e-02,-3.802800525083318423e-02,1.216739383221062884e-02,-2.274431343942000944e-02,5.951494002174059078e-02,-1.420989597144992067e-02,-1.334998273257773094e-02,-1.266254006542041899e-02,-1.881070371524707144e-02,-3.435593539411789521e-02,-4.703978711597029544e-02,1.919612287772463205e-02,-4.810378447812386354e-02,1.885727484312934785e-02,-6.730176366451396178e-03,4.312001021779262450e-02
2.696203977890623132e-02,-1.633279461696898662e-03,-7.409725710337634885e-02,9.132310648624493432e-02,6.427978618751763185e-02,-6.265190789013133643e-02,9.628066625710804405e-02,-5.936676594446654853e-02,1.500832209905308967e-01,0.000000000000000000e+00,5.333702022136904697e-02,-2.696186683399601214e-02,-1.074348589807403755e-02,5.977590471630165464e-02,2.872743669698774038e-02,6.224887755241644005e-02,-1.802616405311658482e-02,-3.749239683026276554e-02,1.678207418942630896e-02,-4.947982825344426558e-03,-4.907179753508833682e-03,7.633797262263662502e-03,3.290601753830414526e-03,3.296653393399221615e-02,7.118143352782035915e-02,7.488893466780996433e-02,2.908614044924583489e-02,-5.475060945348936281e-02,-7.276605852611056635e-02,-6.636084883895065900e-02,1.077964316265828393e-01,2.915240395737729237e-02,9.140253118773605800e-02,-9.832582452933610884e-02,-5.512363023070343537e-02,-7.342154628269477457e-02,-6.694840464426961291e-02,-2.585664289076738259e-02,-8.948210931832760451e-02,-2.785934644517437664e-02,-1.121678215832300485e-01,2.351253763545350234e-02,-2.058253251908731887e-02,5.947359831001244185e-02,8.385908693329283126e-02,-2.580696331147167705e-02,5.229411403766287547e-02,2.736359628572717154e-02,-6.743021270464681638e-02,-5.527960743055770898e-02,5.888257468989257365e-02,-6.813292445753249722e-03,-4.222462301034832916e-02,-1.015873455339751617e-02,-6.928039447449833681e-03,5.199071976777783904e-02,-2.542991392169807741e-02,-3.844773256978990805e-02,2.387692293462809201e-02,2.899905084803138314e-02,2.497347864976585605e-02,1.652177534699923039e-02,-5.592269066978820813e-02
-1.249253872516102246e-02,-8.799664127298136018e-03,-3.463802463635527740e-02,6.669490058985319547e-02,8.865881164107689005e-02,-9.685377866129447899e-02,-4.721906613391483459e-02,-1.561993345947227385e-01,1.267160159787698581e-01,5.333702022136904697e-02,0.000000000000000000e+00,-2.406352766590572068e-02,-5.455258267116116361e-02,4.632923467407115692e-02,-3.805644460183298106e-03,5.486724064583533428e-02,-6.422368531931331795e-03,-7.365321380372274671e-03,8.283695485109038650e-03,-5.509499002399892084e-03,-2.927963033308634937e-03,6.281889383850199071e-02,9.290109229104922053e-03,-1.480944757817889701e-02,4.503050598518419656e-02,-2.338524803273419814e-02,1.866704927663826938e-02,3.581784162571789720e-02,-1.954228432085363537e-02,-1.501436711931932767e-02,4.095206058837475016e-02,-8.846484342219773297e-03,-5.064577571174413984e-03,-4.640447751115862884e-02,-4.104977441462996646e-02,-3.858373550393628037e-04,-4.326805548599528539e-02,-2.857154201957766773e-02,-2.825573346336759939e-02,1.885932384841585915e-02,-1.457620935769977089e-01,7.759476508947138300e-03,-4.030107283400786999e-02,1.067619187514994537e-02,5.555829062802584983e-02,9.240190323114525275e-03,-5.168541129547336160e-02,7.208867337717247969e-02,-3.783885841559192498e-02,-1.279505211800546251e-02,2.541204157615192111e-02,-5.327433956736696014e-05,4.027431629988478118e-02,-9.634767720163589164e-03,-1.194526420458769805e-02,3.164030376316615684e-02,-1.389087251117357424e-02,-3.318420166608012419e-03,8.049713805259997579e-03,-1.652412984746255004e-02,4.284927422743892156e-02,9.641858363051666880e-02,-2.294119204521665595e-02
-1.117168558681866722e-02,-1.069600723454392117e-02,1.610328847120467144e-01,-2.477510160571234216e-02,-1.011868626329298724e-03,-3.494861956942235562e-04,-9.132446669087948901e-03,9.672001081895580110e-02,2.298633099605968018e-03,-2.696186683399601214e-02,-2.406352766590572068e-02,0.000000000000000000e+00,-3.266164939011413637e-02,5.963715574671960701e-02,1.989232336317121527e-02,-8.141011228333470268e-03,-3.195566492910781146e-03,-1.731597307835898783e-02,1.908330920521448745e-02,2.546313478724369223e-02,1.703680756033577187e-02,3.377972886588094525e-02,-9.348796192901154614e-03,3.967785550899627714e-03,1.097934890741364584e-02,-8.054539951114183388e-03,-9.339594184911106933e-03,3.033932110592594752e-02,1.752105814563810135e-02,1.720981155421103079e-04,-1.113517448461777588e-02,7.379102344213085349e-03,-2.268220027705865685e-02,1.167139550652028096e-01,1.027348988421376702e-01,1.284651324792315807e-01,1.390002391059072008e-02,2.539333087366368652e-04,5.928073464484412414e-02,5.725065111000245122e-02,2.707280168453866237e-02,-6.019745019557330538e-03,-1.236776980138285832e-02,-2.673788696810929302e-02,-2.472419662993870313e-03,5.102842625537725579e-03,-8.006492918466867267e-03,1.202119358230036104e-03,-1.553687190895871803e-02,-1.536509960614357729e-03,1.303050743992192548e-02,2.082915563220938751e-02,-1.025331882899259070e-02,1.637810803524628045e-02,1.897201156369479960e-02,2.495450500838080482e-02,-1.312433525587818582e-02,-5.549799323466012881e-03,1.017825495046418421e-02,-1.348788371556678203e-02,-1.110144539888140332e-02,5.293575204333276878e-03,1.128108547578889412e-03
-2.703272420670018231e-02,3.023846779787977418e-02,-4.225831071954670726e-02,-6.056761017673182451e-02,-3.424278422596110233e-02,-9.226437281533281590e-03,6.721958071173103622e-02,7.503562210963957146e-02,3.869783383481920774e-02,-1.074348589807403755e-02,-5.455258267116116361e-02,-3.266164939011413637e-02,0.000000000000000000e+00,-4.786905196534498724e-02,-2.100336181936211452e-02,-2.469758357871201099e-02,9.799259258364143715e-03,-6.197725588721550959e-03,-1.721135854735319007e-02,-1.778848720482151952e-02,5.713769597914662712e-02,1.475823967589144081e-01,-1.467843131285334612e-02,-1.314246652617022046e-02,4.828376977621109262e-02,-3.933460696761345576e-02,-2.830775835125740741e-02,-1.261665124317425460e-02,-4.968048554963954214e-03,6.785249192106508620e-02,4.831691282343585775e-02,-1.881407441295829264e-02,-7.196455067292490196e-03,7.776391450925435045e-02,1.127001380301814182e-01,-3.155602801474041708e-02,-3.829700568722997633e-02,-1.020953274942918397e-02,1.518043618030947284e-01,-4.550384986779787422e-02,-9.427072037534482696e-02,-3.939505254754008950e-02,5.784467118966497845e-02,-3.464817915832600626e-02,-3.105510848538421340e-02,2.330111506288073259e-02,-3.864437450359730492e-02,1.274337367794613207e-02,-2.115936827900847389e-02,-1.083054364241190989e-02,-1.231919635310337741e-02,4.884070945432844590e-02,-1.396128183888816973e-02,5.102938269474679295e-02,-2.361006727121350152e-02,1.265992570649516168e-02,7.229440258397866644e-03,3.476714411085250755e-02,4.000801559187788792e-02,-3.162861342080504345e-02,1.818848625892418441e-02,3.608903488657475706e-02,-1.989698613092986609e-02
-3.809657661307112170e-02,-3.318439715816846880e-02,-7.869645850204512461e-02,-4.113499500691780719e-02,2.014379248087236254e-03,-7.019124459721511056e-02,3.683839454811227432e-02,-3.855509728697705668e-02,3.344712188708719169e-02,5.977590471630165464e-02,4.632923467407115692e-02,5.963715574671960701e-02,-4.786905196534498724e-02,0.000000000000000000e+00,-1.237728227904213128e-02,-3.047810508715240695e-03,4.157933572965662877e-02,7.113218042158593601e-02,-2.093716913970216156e-02,-1.094761612566403676e-02,-8.961348653280815785e-03,6.348740920948109379e-02,-1.494022556770612312e-02,-1.395404757306659485e-02,-6.288144290410066506e-03,-8.656353585850059748e-03,3.239716458681198008e-02,1.096573412306041731e-02,2.760378583512413872e-02,-3.833110672298241373e-02,7.971026676010442569e-02,-1.210859856948954573e-02,1.847801589037841030e-02,4.016470667542292039e-02,-2.829878148924184350e-02,-1.060307236348907722e-01,7.324840390351192165e-02,-7.489840218791553317e-02,2.960531627270580196e-02,-2.013919704884913064e-01,-7.561310824224649896e-02,-4.285834628034485699e-02,1.250846177535658819e-02,-8.259614971857288934e-02,-6.356928246008056171e-02,-4.632711678191717142e-02,-3.404751420919649441e-02,7.085860874881408020e-03,2.737692287896656418e-02,6.911129315651083627e-02,-5.389363755751507695e-03,2.114468889741838442e-02,1.878619784804629392e-02,9.698816807088186942e-03,-2.275642570497477674e-02,3.761722061042483030e-03,-1.882675538406358663e-03,2.232852208604458460e-02,-1.297033505689763541e-02,9.435386107425169488e-04,-9.907687982231336288e-03,2.674431415679880825e-02,-8.399954765851274166e-03
-3.489928345861841030e-02,-2.199168324020800078e-02,-4.570654961821487422e-02,-1.279813781616440625e-02,-2.786240429481013497e-02,-2.177558678162383465e-03,6.848654873787912711e-03,7.709019187813075102e-02,1.758949144512560875e-02,2.872743669698774038e-02,-3.805644460183298106e-03,1.989232336317121527e-02,-2.100336181936211452e-02,-1.237728227904213128e-02,0.000000000000000000e+00,-1.014479886509588730e-02,-2.301571404991891671e-03,-5.258343203691331555e-03,-1.172418147461011008e-02,-1.705603175762327936e-02,2.569764319594770516e-02,-2.505883040377784171e-02,-9.334096470880052024e-03,1.935045274364350851e-02,5.313011997250670360e-03,3.792359157761533706e-02,3.205981656275054548e-02,2.310071697487950382e-02,-4.888956345794608083e-03,-9.674260400993360542e-03,6.211901618062649899e-02,-9.170889562737987930e-03,8.618724508043429378e-02,-2.843295261791099066e-02,-1.638641520760885165e-02,-2.731261342204857785e-03,9.008939308143060209e-03,-3.353321629478200894e-02,-5.962029388776518557e-02,-9.179680527010538466e-03,-2.904810834267258432e-02,3.482584423633483528e-02,-1.674646102521674257e-02,2.111528297987589481e-02,-2.810563192617210326e-02,-1.497871001283033500e-02,2.893761541098635592e-02,2.220251641682679730e-02,1.641387874973100625e-02,2.361118126861579017e-04,-1.383378471481950742e-02,-2.923570803599704823e-02,1.562666411596745283e-02,-8.921530802746300420e-03,-1.770244263046027999e-02,4.896465808183420379e-03,1.043890587463851228e-03,1.995446039942742195e-02,3.561717722783046269e-02,1.904652774420354661e-02,3.123717903853739930e-03,-1.288118579402982786e-02,1.624326963306858915e-03
-2.240603742275750626e-02,-1.452677905646279286e-02,1.382565399270754315e-02,-1.291902724439106774e-02,1.369409742802480887e-02,-2.112880600893587285e-02,-2.486312010608293654e-02,-6.843557086670072273e-04,2.973586009662555416e-02,6.224887755241644005e-02,5.486724064583533428e-02,-8.141011228333470268e-03,-2.469758357871201099e-02,-3.047810508715240695e-03,-1.014479886509588730e-02,0.000000000000000000e+00,3.135130584545171156e-02,3.041172688683748196e-02,-7.434190307763770440e-03,-1.339747590951272625e-02,1.606508006732857222e-02,-5.678328864134185930e-03,-6.920448711400496722e-03,-3.135888139275760933e-03,7.319911598013215462e-03,-5.866971148606551015e-03,1.245669060670383417e-02,1.375895453815512669e-02,3.185030124048528199e-02,1.664831429970576801e-02,1.860418690192168836e-02,4.494034606906523351e-03,-1.783403171125855224e-02,2.877144902577670471e-03,-4.824228351772522419e-03,3.827022805994311633e-02,4.279196811090554137e-02,4.688791608392193361e-02,-2.336475415849256082e-02,-3.801588613806256012e-02,-2.378292077821828054e-02,-6.252722761664095130e-03,1.182617151998972133e-02,-1.882333783490243787e-02,-1.394126965368291948e-02,-2.075951136281273951e-02,3.415620752032569318e-03,-4.803226416501436488e-03,2.499415103193626878e-02,-1.170368245775162564e-03,-3.621447470174064907e-03,2.091757021735899877e-02,1.104610570353525487e-02,-1.049033013011218748e-02,-8.949057356181382844e-03,-1.506249642190305577e-03,-7.830913179045054934e-03,-5.134667473875142996e-03,2.126503607881993427e-02,-3.793844708214789974e-04,-3.991516960898710935e-03,9.934761886994719279e-03,1.731672433074609233e-02
3.211340054533892620e-03,1.204165390659759846e-02,-1.710364670279112403e-02,-2.346253847968394340e-02,3.613135021656860985e-02,7.557659287831693107e-02,-1.065663633270709509e-02,6.143708912626044683e-02,4.298902662217603254e-02,-1.802616405311658482e-02,-6.422368531931331795e-03,-3.195566492910781146e-03,9.799259258364143715e-03,4.157933572965662877e-02,-2.301571404991891671e-03,3.135130584545171156e-02,0.000000000000000000e+00,1.063171538831547691e-02,-1.107111093521577147e-02,5.241485439592128044e-03,-6.153907104079695510e-03,3.628192263752772037e-04,5.630338931714820236e-03,-8.591975639425425762e-03,-1.393827680111127051e-02,-1.138901108250289958e-02,-5.215705586517866560e-03,-2.167440648783889538e-03,1.410025715519278543e-02,1.935079061409568715e-02,-1.261786582116413650e-03,-4.354902785645376785e-03,3.579817449394012783e-03,1.149010198219762441e-03,1.909981541346169459e-02,-1.593408784718958887e-02,9.244773881915769112e-03,-2.447620794657870066e-02,-1.103682158031742480e-02,1.091982416016430424e-01,7.277829463550877787e-04,-2.286252990939933311e-03,-7.983412760961591109e-03,3.852195324229508444e-02,5.641156602572241704e-03,-3.151578603444793632e-03,-2.388191246645828773e-03,-1.760872200928561421e-02,-6.322505100660041899e-04,3.067232239363532065e-03,5.793534402835963729e-03,-5.919720188620463709e-03,2.044658327227285612e-03,-1.002248227697222910e-02,-6.379551041715345386e-03,1.409375354820152637e-02,1.889016565992162819e-02,6.863016333005711109e-03,-1.156780008061636909e-02,5.533747267955846849e-04,-1.081288025483138036e-02,-7.614204881155241071e-03,-7.983713493848811917e-05
-2.328290152827912872e-03,1.816169366097721699e-02,-3.493194027797610207e-02,-1.228830933299237052e-02,5.809423581423994731e-02,1.250283399661424322e-01,-1.623328682371338177e-02,4.237739769100205139e-02,7.042619779827151427e-02,-3.749239683026276554e-02,-7.365321380372274671e-03,-1.731597307835898783e-02,-6.197725588721550959e-03,7.113218042158593601e-02,-5.258343203691331555e-03,3.041172688683748196e-02,1.063171538831547691e-02,0.000000000000000000e+00,-1.021682785767509191e-02,5.733704133874667486e-04,1.047087036569684972e-02,8.022073295394505088e-03,-8.739244823569568624e-03,-1.139147659336249910e-02,-1.441368137879781757e-03,-1.503392873344072157e-02,-1.928386116106771062e-02,-9.465001660523376242e-03,4.091686285176020926e-02,2.068727178540063008e-02,-2.038524334690414511e-02,-2.297426945650559924e-02,1.028053349081022201e-02,-1.970764033612538296e-02,-1.516904319250738167e-02,-1.689225893533098655e-02,9.862880508307332941e-03,2.217976050705729174e-02,-2.121816044289707992e-02,5.904597055012158341e-02,4.820128439240463358e-02,-1.960593927349886176e-02,-2.118589850152238080e-02,4.904737089920209459e-02,-1.394676726144050347e-02,-4.798385998423542256e-03,4.336613633555640168e-02,1.298770228434210049e-02,5.171059208693140619e-02,1.819762592660047282e-03,-2.627010344056204903e-03,1.428361756342735010e-02,-3.768340688398522879e-03,-1.601304352925033217e-02,-3.873794454558858284e-03,-2.506286058243562681e-03,5.826131169504742075e-04,-1.126370840705232315e-02,-1.262211836926928343e-02,-1.509532512318023136e-02,3.810364473915307717e-03,4.330761435206159117e-03,1.773282511125607100e-02
-2.482668241751099722e-02,-1.925461555118763990e-02,-3.163123273824829107e-02,-6.838110653597238506e-03,-2.923930554454666833e-02,-2.729609240948326424e-02,1.709356188767226876e-03,4.279401478554406449e-04,-3.969391421618655158e-02,1.678207418942630896e-02,8.283695485109038650e-03,1.908330920521448745e-02,-1.721135854735319007e-02,-2.093716913970216156e-02,-1.172418147461011008e-02,-7.434190307763770440e-03,-1.107111093521577147e-02,-1.021682785767509191e-02,0.000000000000000000e+00,4.273646020639358147e-03,2.499801721662480575e-02,6.370410225005034011e-02,1.999548339954197382e-02,-7.339853410636329109e-03,-1.150315578458964601e-03,-2.303692024675984412e-02,-1.535578476366419344e-02,-1.151315665037434387e-03,1.012100971542500075e-02,-2.655615731873134204e-03,-1.327857836101367997e-02,-8.979901229060763615e-03,6.335641636108344313e-03,-1.050195004259404929e-02,-2.555769516148449425e-02,9.363437807893001258e-03,-3.010911084360546816e-02,-1.590534870779794843e-02,2.084892513711428079e-03,-3.880072264725269171e-02,-2.063135300097310165e-02,-5.067420112187972017e-03,4.453736126014759197e-03,-3.566469500713588536e-02,8.447741757166473547e-03,-8.641355241877552579e-03,-2.685297534205889278e-02,6.998408480405916843e-02,5.636195872466750328e-02,-1.060938334838533101e-02,2.720342323933225975e-02,-7.615700180295645154e-03,1.184867322656211856e-02,4.623114635952892126e-02,-8.987810760072864613e-03,-6.285277214502883909e-03,-1.597804245388976738e-02,-1.339212639113689443e-02,-1.221961207753562151e-02,-1.136924404692787882e-02,-1.353343870343854186e-02,-1.357788232594560850e-02,1.000387952718923522e-02
1.131118634262286496e-02,5.824673173534561550e-03,1.078002251225218255e-01,-1.275302018250924242e-02,-1.725187612432173972e-02,3.334067924873817309e-03,5.011177979032290473e-03,7.356101489947861061e-02,-2.941622406679885240e-02,-4.947982825344426558e-03,-5.509499002399892084e-03,2.546313478724369223e-02,-1.778848720482151952e-02,-1.094761612566403676e-02,-1.705603175762327936e-02,-1.339747590951272625e-02,5.241485439592128044e-03,5.733704133874667486e-04,4.273646020639358147e-03,0.000000000000000000e+00,2.894717320965523727e-02,3.931580178254358987e-02,5.167744252783039449e-02,-1.030028891284593198e-02,-1.292531589232131725e-02,3.189111270905696516e-02,9.938427092797583531e-03,2.444933685594503567e-02,3.315597683064528539e-03,9.442996327919235761e-04,-1.280109647402967454e-02,1.179019786195219070e-02,-3.145045916489959403e-02,2.435986477167683545e-02,7.834193478969028734e-02,6.287726890243412747e-02,-1.411179789023677897e-02,-1.390127056579911272e-02,4.071524994240341422e-02,1.025532504071044460e-02,-3.224938846107082424e-02,-7.564551272108083549e-03,1.647826110135957103e-02,-1.149588590352376358e-02,5.350450952812895941e-03,-1.199700835830115955e-02,4.765492961838338655e-03,7.757176209242246101e-02,6.826505955888369226e-02,2.054735678710970306e-02,1.186631568931319561e-02,-9.693530738149947965e-03,3.493814274018720856e-02,4.774584299297406076e-02,4.163473818614928448e-03,1.125474452718224980e-02,2.311396165289010627e-03,5.758024241985139000e-03,-1.953463487285883593e-02,1.379876381673655374e-02,8.109396624791815125e-03,2.000376966489871011e-02,1.016528522560193604e-02
1.881470798631226793e-04,1.541970493105134475e-02,-3.383987378139548252e-02,-1.295559631009250354e-02,3.565088543165885471e-02,7.419348701736791507e-02,-2.172066518626286288e-02,2.649484634818751599e-02,9.170388072070323471e-04,-4.907179753508833682e-03,-2.927963033308634937e-03,1.703680756033577187e-02,5.713769597914662712e-02,-8.961348653280815785e-03,2.569764319594770516e-02,1.606508006732857222e-02,-6.153907104079695510e-03,1.047087036569684972e-02,2.499801721662480575e-02,2.894717320965523727e-02,0.000000000000000000e+00,7.631551402435751696e-02,1.564706978238170759e-02,2.681893492496133929e-02,-7.141390359771587586e-03,-2.354953717701087010e-02,6.719329140148444512e-03,2.170579506857672758e-02,3.509371902000851893e-03,6.250454587914966616e-03,6.355973244879657702e-02,-1.034829193184473584e-02,-7.608016200351762522e-03,-2.156783961528980706e-02,2.005294432937179683e-02,-3.274751804638994374e-02,-2.188890166853148939e-02,1.330991731350894894e-02,3.025209911459573325e-02,3.420503513509863536e-02,-2.178547837252225311e-02,1.525530988270618581e-02,-4.860719601619203564e-03,6.017946189109514565e-02,-1.917098055065028991e-02,1.575074206020365963e-02,5.560357105479346758e-03,6.257052134360210904e-02,7.124590892268131692e-02,1.735503941117132881e-02,5.665998463505876256e-03,-2.471102837666928204e-03,-1.578670572629935556e-02,6.310425649755127542e-02,6.588041400660358941e-05,2.146583187584810010e-02,4.974463606814959540e-03,5.266462444518819203e-02,2.283465274161793762e-02,-3.107396894953157272e-03,-3.472620118068445259e-03,-1.583740087660160962e-03,-9.621519583170692544e-03
1.255559036159794098e-02,-1.457387275102221304e-02,1.470930864944803018e-01,-2.731888006881153658e-02,-3.758011959013242420e-02,1.403460803120560041e-01,-2.125575761145355805e-02,2.397289558177036761e-01,6.183374245973787941e-04,7.633797262263662502e-03,6.281889383850199071e-02,3.377972886588094525e-02,1.475823967589144081e-01,6.348740920948109379e-02,-2.505883040377784171e-02,-5.678328864134185930e-03,3.628192263752772037e-04,8.022073295394505088e-03,6.370410225005034011e-02,3.931580178254358987e-02,7.631551402435751696e-02,0.000000000000000000e+00,8.792151506599576311e-03,1.610988690687694194e-02,-1.085464929855125367e-03,2.546597595420911284e-02,8.578060054463884990e-03,9.062927243209322609e-03,3.878085792255038348e-03,9.530783484074116865e-03,-1.876183924961448380e-03,-7.467775843265966667e-04,-3.751507141615184702e-03,6.856409284263807746e-02,4.998394793287059407e-02,1.443589162718451890e-01,-1.731832707072930230e-02,-1.583260771047419538e-02,-1.374378582535707924e-02,2.801793803830668894e-01,7.849301498061959925e-02,-5.567928667259357776e-03,6.920824966464669825e-02,1.592312193817886357e-01,-1.071813437633115069e-04,1.442042308692573216e-02,-3.844332150506687279e-02,1.094903711300376087e-01,-1.630482336034399030e-02,4.290931859001668319e-02,5.914784027920972145e-03,1.321362893900550062e-01,4.258953836609084831e-02,3.966398221753637821e-02,-2.245113763399633842e-03,4.102045758781025508e-02,1.324573783402431537e-02,-1.910719624531511188e-02,1.784203282200912469e-02,-9.546575595594053096e-03,-1.775188288087028651e-02,-5.165124544800033315e-03,4.818637837387582806e-02
-5.888085311262641897e-03,-1.038912054680406205e-02,-2.545910196331194197e-02,-2.129912565296446930e-02,-1.233016853801300987e-02,-2.283113005466098216e-02,-1.669444475144887113e-02,-2.607384126033016752e-02,-6.535016539881574604e-03,3.290601753830414526e-03,9.290109229104922053e-03,-9.348796192901154614e-03,-1.467843131285334612e-02,-1.494022556770612312e-02,-9.334096470880052024e-03,-6.920448711400496722e-03,5.630338931714820236e-03,-8.739244823569568624e-03,1.999548339954197382e-02,5.167744252783039449e-02,1.564706978238170759e-02,8.792151506599576311e-03,0.000000000000000000e+00,-9.682941154216761354e-03,-8.125993986716983919e-03,-9.997004547668903590e-03,-1.194727940225974103e-02,7.524361126704221144e-03,2.731426967187304891e-02,9.392935710296857615e-03,-4.071088781500445571e-03,-1.600344472036274029e-02,-1.155681266615833126e-02,-2.600932207129209514e-02,-1.288266725077187938e-02,9.383619878266403341e-03,-2.649898199150047678e-02,7.730513834349995832e-03,-2.760696715996571043e-02,-4.311897266338737822e-02,3.027982114424710922e-02,9.712181502966746663e-03,1.995237786049104678e-03,-3.765803495267856793e-02,-1.786627651007334158e-02,-8.477466479433929530e-03,2.152057735601128376e-03,6.312576080326605388e-02,1.813631298617725957e-02,1.957961512457506714e-02,9.435439507869271270e-03,1.669208780700359718e-02,6.707506259189088826e-03,-1.400051301105141068e-02,2.247527093422447414e-02,-5.096669803745785057e-03,-5.094393700154325154e-03,-6.709365608090257956e-03,-1.013715244025267283e-02,-6.403524003963922788e-03,-1.151828541586689438e-02,5.151732790072254160e-03,3.150221410778894331e-03
2.412822570045437126e-02,-9.497863524952614850e-03,2.778531096181544729e-02,2.913971247258854286e-02,9.984900507351597912e-03,-6.551854261951847551e-03,4.089189948642518030e-02,-2.512858987183385143e-02,6.245095785755794618e-03,3.296653393399221615e-02,-1.480944757817889701e-02,3.967785550899627714e-03,-1.314246652617022046e-02,-1.395404757306659485e-02,1.935045274364350851e-02,-3.135888139275760933e-03,-8.591975639425425762e-03,-1.139147659336249910e-02,-7.339853410636329109e-03,-1.030028891284593198e-02,2.681893492496133929e-02,1.610988690687694194e-02,-9.682941154216761354e-03,0.000000000000000000e+00,9.585737060825895092e-03,1.567913335268811617e-02,-8.009963747183107422e-04,-1.151987537931877838e-02,4.051872504343812138e-03,-3.172934116752828518e-04,-4.290966187892271411e-03,1.632992553382986087e-02,8.709432369641246022e-03,3.708992820025295428e-02,4.398222445064409875e-02,-1.047638712262203425e-02,5.358427522283715216e-02,-1.686711208167817472e-02,5.424005971391789721e-02,-6.398452660530756786e-02,4.101745564634946828e-03,-2.426044954486788249e-03,9.349265145875463451e-03,-2.054327642520025268e-02,2.167864245794407646e-02,-7.935392142112307479e-03,3.104163787410614203e-02,-3.161211850076470296e-03,-3.954549315316017132e-03,-3.471375622271184735e-03,7.227630436113577188e-03,5.834271445285596838e-03,4.577848293673310309e-03,-9.343116529684091995e-03,-8.140603221669175799e-03,-6.615183835113831561e-03,-7.871128945358709522e-03,-1.318415007318407030e-02,-6.544510110264721743e-03,-7.485595653190168022e-03,-1.439050605015732877e-02,8.718632644495363793e-03,-6.599530496353095063e-03
