0.000000000000000000e+00,-2.041855438238948574e-03,-1.371082572879125591e-02,-1.709556205495137496e-02,6.140264271664547073e-03,9.132950522255783854e-02,-1.698810414058857937e-02,-1.664928111810377170e-02,-1.229027586938313647e-02,5.212744747896527753e-03,1.069023221906196001e-03,9.330641620784247553e-03,1.905588346471481093e-02,4.260906386998929499e-03,-2.205907629113800297e-02,4.189995227460097810e-03,4.695548515295863701e-02,4.779910070207022549e-02,5.043523490053032632e-02,3.433841820659300215e-02,2.456455328733709795e-02,3.535123397265292535e-03,4.473759241437445799e-02,-4.640318301692144404e-02,-1.766939285605874377e-02,-7.100132096913845323e-03,1.054368517003883080e-02,2.300595156242701833e-02,3.575258965475180961e-02,1.055512491088357076e-02,2.725095303251721252e-02,4.301052239742551853e-02,4.113438027838949712e-02,2.183150005448465485e-03,-1.246678762070804747e-02,-2.645750810741919271e-02,-8.828710267569374673e-03,4.629998962128654971e-02,-1.518811756047693754e-03,1.557571164686290862e-03,2.771004903873618835e-02,-9.961646545793725535e-03,1.516115335441952858e-02,1.367653515574537328e-02,-7.008715264579762176e-03,5.645829910662157440e-03,-1.049239293722839875e-02,4.596764845891120749e-02,8.146102272335394023e-02,-3.139680139447518364e-02,-2.000202100040044534e-02,-7.362824662106503756e-03,3.383005560454326044e-02,-1.206844146224096692e-02,3.506217355938996000e-02,-4.174943888810301804e-03,-9.867211377153104618e-03,3.730865598276524031e-02,3.569787522461265270e-03,5.573119581721849153e-02,-1.491891467046732589e-02,5.053570210152692754e-02,3.780698397763394142e-02
-2.041855438238948574e-03,0.000000000000000000e+00,1.220783522550301405e-02,1.119276797220201931e-04,1.183592070122654362e-02,3.774964205009906371e-02,-1.716797399714393990e-02,-2.033984319381382244e-02,8.876643929474476585e-03,-1.091090350195197088e-02,-2.149287605993717085e-02,-1.292821473688081715e-02,3.639898608995985503e-03,-1.502975979021948551e-02,-1.312578502335342776e-02,-7.159736428273344618e-03,-2.007597413866073210e-03,-3.863360225214611254e-02,-3.310105490235155240e-03,4.014934832851485558e-02,4.552092869960874116e-02,-1.875060784816375697e-02,-1.839166529602858507e-02,-1.277146216636468844e-02,-1.767491295171362206e-02,5.660681864126615448e-02,-2.050813542595191288e-02,-8.531815932736191987e-03,-1.681207382678304163e-02,8.286357200853733656e-04,-2.154897163732832216e-03,-1.870101772871414145e-02,4.186566497875847392e-04,-1.616992999101225792e-02,-1.260810729958574501e-03,-6.362786646913080879e-03,-1.194233718088646284e-02,3.061934737928482392e-02,2.077235375195346859e-02,2.646319433293843268e-02,-2.025450162331874759e-03,8.520052755551113174e-03,-3.112132512997693029e-02,1.857882513393046414e-02,-6.525326748646788355e-03,-1.388687059362246970e-02,-1.945673585290329938e-02,2.308560965499206405e-02,1.773884067012648086e-02,2.790750350383789866e-02,-2.154331590844740102e-02,2.956538393549553237e-02,9.686939336444171447e-03,-1.594203620810377350e-02,-1.372505575047297185e-02,-1.452548154994482733e-02,-9.262617228522918369e-03,7.520773831975358092e-03,-8.567886678339759615e-03,8.486982951678791881e-03,-1.802627899646700588e-02,3.913697992549317961e-04,-9.656041579859806628e-03
-1.371082572879125591e-02,1.220783522550301405e-02,0.000000000000000000e+00,-1.837972984901966450e-02,-1.400357883042824270e-02,-1.615176590465561973e-02,-1.988863612731171099e-02,-7.772467334260136848e-03,6.460792972616384057e-04,3.937126032190704956e-03,-2.370143126491132055e-02,-8.624736311669800246e-03,-2.115945503070415512e-02,1.292198739448255883e-02,-1.188559903426921957e-02,-2.359113475036333975e-03,5.376557028558073131e-02,-2.161415904124863036e-02,-1.008429776079463810e-02,2.938081406388966602e-02,-2.769593674065681625e-03,-1.816596860533848876e-02,3.681887800473624024e-03,-1.071840317932923510e-02,-5.193313225535884856e-03,3.280892869598488193e-02,-1.041618150718743273e-02,-4.330100384172683170e-03,-1.046456043280418260e-02,-8.127464238002809344e-03,-1.460133866756099796e-02,-1.531804965548234053e-02,-1.888741175434069386e-02,-2.472130467136762072e-02,2.365806381619187104e-02,-1.409506305060013141e-02,-9.883560014556289769e-03,4.021669763549902627e-04,-2.593235631694729149e-02,-1.607239966877466869e-02,1.473443391639914137e-03,2.473355365305243692e-02,-2.280585174503779733e-02,4.399831706039865342e-03,1.677735969143457490e-02,2.118698403613792844e-02,1.234575388725008688e-03,3.099449144704054943e-02,1.593137559370898931e-02,-3.307210468764738842e-02,1.180893418852190305e-02,2.347985142732744376e-03,1.651510957741317287e-02,-2.202213879166429328e-02,-7.896815920010267359e-03,-1.066042774875641461e-02,-7.117326006209795039e-03,-5.298321133139573952e-03,-1.329221007307249472e-02,-9.019209604621708856e-03,-4.415731639163826029e-03,-2.061638685766863620e-03,-1.330897746957359316e-02
-1.709556205495137496e-02,1.119276797220201931e-04,-1.837972984901966450e-02,0.000000000000000000e+00,-2.377076353952212867e-02,-1.490895098042393542e-02,-9.697381078570644491e-03,-1.094171196984910013e-02,4.323984860733935849e-03,-8.195975360173624741e-03,-1.518979563401000842e-02,-1.692871750165806624e-04,-1.099078012404955743e-02,-8.330625858615939988e-03,1.233188227418161552e-02,-4.166452521518320025e-03,-7.926820846213314051e-03,1.832404406171917605e-02,3.077964351318181538e-02,6.554737866247822842e-02,1.270442698910281094e-03,-7.181357757171313687e-03,3.210623781672221344e-02,-3.446826707907493792e-02,-1.220272738947771572e-02,-1.596387946395962446e-02,-6.120710504949200201e-03,5.554955780826235576e-03,-1.933579883576511116e-02,1.946681983072958907e-02,-1.882291293359617326e-02,9.547459185751422384e-03,-1.931600772204920130e-02,-2.016165503009136745e-02,-2.087457151900115604e-02,-1.784809809610815590e-02,1.884495659748478100e-04,2.530313783666767076e-03,-1.170156065386834462e-02,-6.015652827912490105e-03,-6.982128801700238085e-03,-8.581575876106483508e-03,-4.284787804525978794e-03,9.707469793662553900e-03,-9.817454558917327115e-03,-4.737530031739919066e-03,-6.461138690353962315e-03,7.305272254880877496e-03,3.097721470867846952e-02,2.378438367845622445e-02,1.504398812955863585e-02,1.616027984797030817e-02,-2.312344946891010077e-03,2.186616891128935567e-03,1.869836521288522485e-02,-9.279567095531163559e-03,1.813281548145911914e-02,-1.140768003455027574e-02,-1.271679155091348656e-02,7.842277529820296939e-03,2.992581211136839149e-03,-6.302797111135280406e-03,2.450517036287186423e-02
6.140264271664547073e-03,1.183592070122654362e-02,-1.400357883042824270e-02,-2.377076353952212867e-02,0.000000000000000000e+00,-3.741239722032591204e-03,5.331604810160055566e-03,-1.344471182256042410e-02,1.277446828257322543e-03,-7.002397095809892620e-03,1.198556104903109130e-03,-9.792120539019611575e-03,-3.018513069643150200e-03,9.898531791806570307e-03,-1.278607437131636451e-02,-1.105911111244723029e-02,1.491975552791238203e-02,7.361412249475962795e-03,-1.714694784433874047e-02,-5.969523857213506618e-02,-4.325654782440825630e-03,-1.279306251666792980e-02,-8.467689541520845992e-03,-3.084937919265484663e-02,-2.509283619854165565e-02,-2.208444638438205460e-02,-1.383351871036964977e-02,-2.358731381239034461e-02,-9.623028614814177484e-03,-2.334403961632117164e-02,-1.171762227709803247e-02,-1.414493432492947012e-03,-3.807234626503115497e-03,4.400425878802835533e-03,-4.139610850468304452e-03,-2.418033736725410179e-02,-9.910602822931852129e-03,2.638096744872812341e-04,-1.445354888900257997e-02,-1.204122019388573564e-02,2.196605366148913357e-02,2.579713425356732273e-02,-1.152887835911061212e-02,-8.337212345900292879e-03,-9.268656058505013451e-03,1.244910135423313736e-03,-9.640678029198428145e-03,6.723318084264744317e-03,3.785763638141291694e-03,-4.182482150739717103e-02,-2.475718593173419427e-02,-1.000725250749610537e-02,-1.205380578670678469e-03,-2.174542653301812095e-02,-1.241203657514037412e-02,-3.606375268318762380e-03,-1.123425510637949751e-02,-9.269016430368786762e-04,2.030070077455824878e-02,-2.050166626386995192e-02,-1.128262430281384322e-02,-4.503764227238089835e-03,-3.710305525281529324e-03
9.132950522255783854e-02,3.774964205009906371e-02,-1.615176590465561973e-02,-1.490895098042393542e-02,-3.741239722032591204e-03,0.000000000000000000e+00,1.149441920953439729e-02,-2.147299099680900422e-02,-1.119914405427847870e-02,-2.670116958448826103e-03,-4.827224482385894001e-03,-1.413755952036082134e-02,-2.982238836843027416e-02,-1.314367222200038847e-03,1.099502457679411155e-02,9.833360642882594139e-04,2.251039187159964775e-02,-2.381097266964431886e-02,-7.581799052044406288e-03,-1.065781259825508351e-02,-3.371454636904622215e-03,-1.531579313128098377e-02,-3.366137266207654827e-02,6.047017507426128043e-03,9.721759726150774883e-06,1.088043652090867584e-02,7.995769759232888158e-03,-3.352862971063842908e-03,3.075217502816209557e-03,-1.129662678593589334e-02,-2.767145346443366377e-02,1.521394381330926082e-02,2.725421330395760844e-02,6.163252993679242675e-02,3.322762444841707158e-02,2.725108085457082557e-04,-1.332304241836837141e-02,3.305944767786549079e-03,-1.296331987016221231e-02,-1.727712662536742133e-02,-3.708846084464054692e-03,-3.622319486634582170e-02,-1.721080407278382379e-02,-1.219727981270660525e-02,-9.967099417029966213e-03,-2.203402948461315528e-02,-1.676023282867800807e-02,-8.415042373802757159e-03,-1.105566652062645212e-02,-3.289324274821726901e-02,-8.696196385905038614e-03,2.482456381003174742e-02,-1.369489432606135412e-02,1.026628984523622699e-03,-9.461303528365222135e-03,-1.077229316105814128e-03,-9.350950691053192335e-03,-1.324576944570582610e-03,4.856608678559942716e-05,-5.699109683526239027e-03,-5.687516361651955878e-03,-1.871532582636253991e-04,-4.824101298164976126e-03
-1.698810414058857937e-02,-1.716797399714393990e-02,-1.988863612731171099e-02,-9.697381078570644491e-03,5.331604810160055566e-03,1.149441920953439729e-02,0.000000000000000000e+00,8.809548064543936546e-03,-6.896280109932529300e-04,9.626617628637472446e-03,2.375746868786392588e-02,8.580156319131701514e-02,-1.207833915711522058e-02,-9.641121097669628354e-03,-9.610990626888979774e-03,5.637582720790807606e-04,8.991023566424101096e-03,3.425931699824160542e-02,4.370223252933430478e-05,-5.881982715461396734e-03,3.857349230719160638e-02,-1.780227400624889017e-02,1.032783311197896237e-02,-2.142231192738571714e-03,-6.250770657694304511e-03,-5.944054340450571211e-03,-8.143429353862703668e-03,8.557719831268021521e-03,-3.075165378830338990e-03,1.154037159125101929e-02,-2.467822880952963774e-02,-5.343659216515035670e-03,-1.983383677913561766e-02,-7.374619111208205631e-03,-2.355465216956266136e-02,-1.250415430489846234e-02,1.241121508543875651e-02,-4.630999193734650185e-04,-6.902299779652090912e-03,-2.087097932832274877e-02,2.387886555174900498e-03,1.001739013643598332e-02,8.056406903848639667e-02,-1.517710870568443095e-02,1.531542522641834991e-02,1.057296726829586551e-02,-1.840966942940480688e-02,-1.672054111535310403e-02,4.408350993158112463e-02,1.767036585134906801e-02,1.030612046442205311e-02,-2.092315547505549985e-03,4.442316085722049224e-02,-3.618927465522856629e-02,-1.624193935567758802e-03,-4.444456178973113514e-03,7.811201453733004549e-03,-1.469997116333460196e-02,1.419487148335779603e-02,1.234134561189479361e-02,-2.219077418692756015e-02,8.880085301624297822e-03,3.682063806503149163e-03
-1.664928111810377170e-02,-2.033984319381382244e-02,-7.772467334260136848e-03,-1.094171196984910013e-02,-1.344471182256042410e-02,-2.147299099680900422e-02,8.809548064543936546e-03,0.000000000000000000e+00,-3.165308657645461883e-03,-2.256246776036315016e-03,-2.407409969628302934e-02,-2.198041702821052629e-02,-1.685677422814398085e-02,-5.507184731116307290e-03,-1.502554390855185759e-02,-1.228340103057184302e-02,-1.090910215869642964e-02,-1.111141552316634307e-02,-6.086473842907318826e-03,-5.909558208843725818e-03,-8.347136454686690868e-03,-3.011627364664003909e-02,1.755134076659798856e-02,-1.642489194127638025e-03,-8.554388890227856285e-03,3.412988892288359890e-04,-1.009269220719588578e-02,1.577005087235427289e-02,2.725636684224836109e-03,-5.869617458544259571e-03,-1.529662673125966807e-02,-1.501402372401943949e-02,-1.480422523719407066e-02,-1.232404730434499829e-02,1.497563419216215753e-02,-7.075466564577641455e-03,1.469904993972787717e-03,-1.068807382529139705e-02,-4.316897289983535890e-02,-1.523562665051279505e-02,-1.271433660306485816e-02,-1.839424227416432784e-03,-1.544773676725322634e-02,-1.116018619899412402e-02,6.752621275085590909e-03,1.468073802665445472e-03,-4.850338135485044236e-03,1.924424114807116171e-04,1.656456728930819078e-02,-3.535880701272385573e-02,1.672482498812657287e-02,1.977477613461571526e-02,1.361743843310710654e-02,-3.515886386977924716e-02,-6.295837070192511833e-03,-1.133378482342260393e-02,-1.571450544549280598e-02,-1.670057052798079242e-02,-3.210588859964838386e-03,2.928483508732552566e-03,-2.342950042375665804e-03,-1.730829141377648872e-02,-8.472748836048486082e-03
-1.229027586938313647e-02,8.876643929474476585e-03,6.460792972616384057e-04,4.323984860733935849e-03,1.277446828257322543e-03,-1.119914405427847870e-02,-6.896280109932529300e-04,-3.165308657645461883e-03,0.000000000000000000e+00,-1.910502743953920377e-02,3.422942941193035833e-03,-1.420814666828091634e-02,-3.701685067779210327e-03,-3.143944789682081523e-03,-1.237478752509969457e-02,-1.289042986618457384e-02,1.274238391833439846e-03,-1.704920547815136356e-02,-1.710524166905622728e-02,-1.049151747031585105e-02,-1.363293003978418086e-02,-4.613247127857225682e-03,-2.617642660950026366e-04,-2.387641964703128908e-02,-1.066566090444069290e-02,-1.200177432316864787e-02,1.664250889851370124e-02,3.111988089606208298e-03,-7.600449408238775474e-04,-1.700421210115285117e-02,2.906363180626374450e-03,-6.924506521695311494e-03,8.595963875744665889e-03,1.050211672754589390e-02,1.017838173195633432e-02,1.754877043730249803e-02,-6.503245191861765570e-03,-2.598407813109540696e-03,-4.999388399138209038e-03,-1.178707700996931527e-02,-1.078085117191369090e-02,-1.612115888560228250e-02,-1.489678433058586569e-02,-1.623256666528034809e-03,-1.798241992881998569e-02,-1.233114913184549591e-02,-1.542893095184081579e-03,5.339574744705945057e-03,-1.018332949728985304e-02,-9.680699790406714980e-03,1.872434909025391550e-04,-1.082745958834670577e-02,-4.295730430204725350e-03,9.454967070813696806e-04,-7.912970237845620008e-03,1.113196585964214627e-02,5.004792767403587819e-03,1.516860692393488461e-02,-2.022610601228356370e-02,-2.069079366040458071e-03,7.484661232173487125e-03,7.749498630259040333e-04,-1.233972044616178480e-02
5.212744747896527753e-03,-1.091090350195197088e-02,3.937126032190704956e-03,-8.195975360173624741e-03,-7.002397095809892620e-03,-2.670116958448826103e-03,9.626617628637472446e-03,-2.256246776036315016e-03,-1.910502743953920377e-02,0.000000000000000000e+00,2.616803008989519209e-03,-5.173167642129715069e-03,8.527556752248260583e-03,-1.741924613463949334e-02,-1.765618646166548442e-02,-1.599034047298078173e-02,-1.393183685204980003e-02,5.071299784007319601e-03,-2.668734009127381526e-02,6.613066898465432171e-03,-9.797336239475878603e-03,-1.289879884017627008e-02,1.915300013235841231e-02,1.235061395111380564e-02,-6.038360230429975876e-03,2.041913418091696047e-02,4.422052022728063456e-03,-7.358668869458781514e-03,-3.983051222708653208e-03,-1.696763997095007692e-02,-2.010955914553649512e-02,-1.482970105529463588e-02,-8.643752322068615906e-03,-9.511675841601750347e-04,4.330630499115857394e-03,-1.223289881273654719e-02,3.455062497776759003e-04,2.027918571599380063e-02,-5.802075862420778309e-03,2.751373213550865199e-02,-1.659023437452560729e-02,-7.154224567692735529e-03,-2.884172141412251131e-02,1.773870741028388156e-04,-1.409077330023433827e-02,-1.600265145362648328e-02,6.088137656622462542e-03,-1.077355655059744968e-02,-1.372011796120128913e-02,-1.948242331332824986e-04,8.377407182104883165e-03,2.963293674250036536e-02,-1.259931524565601271e-02,4.115890571203159945e-03,-2.124727779208598552e-02,2.586156115889041290e-02,1.119883744176083419e-02,-1.123573191603544595e-02,-2.172824243866951222e-03,-5.495994744940743346e-03,-8.311022253313603975e-03,4.305481604154134598e-03,-1.778460856904449938e-02
1.069023221906196001e-03,-2.149287605993717085e-02,-2.370143126491132055e-02,-1.518979563401000842e-02,1.198556104903109130e-03,-4.827224482385894001e-03,2.375746868786392588e-02,-2.407409969628302934e-02,3.422942941193035833e-03,2.616803008989519209e-03,0.000000000000000000e+00,-3.562541499528092820e-02,-1.121850555694435189e-02,-3.835805644333605859e-03,-6.494283119748043079e-03,-2.344530143533392254e-03,-3.543629960354684194e-03,1.030055361641277721e-02,-8.088559887937886786e-03,-3.128780199812696179e-03,7.671218485345035476e-03,-1.444404173999632238e-02,2.536953840415011666e-02,6.879711665178379551e-03,3.819018202789212051e-03,5.363207777506404789e-02,-1.526697127163398858e-02,3.559501477922400077e-03,-2.186411180526801924e-03,3.005436597658997597e-03,9.943885640017130836e-03,-9.156389014414734184e-03,-6.403957318016692893e-03,2.064277118238428896e-02,-3.814859666596916166e-02,-4.486303595015647509e-03,-6.728119711436325937e-03,-2.093730203352666200e-02,5.687346449994214181e-02,-5.390059356023879427e-04,-4.504747003371473157e-03,1.218839487027511929e-02,-2.564951825090383553e-02,-1.158993345540582131e-03,4.787656373247736047e-03,-1.480045978563360697e-02,-8.418648213696446753e-03,-4.602326776315375512e-02,5.616189992457339998e-03,-3.787496255113181887e-03,-1.020292527385831260e-02,3.032858215163535681e-02,1.155013741397366549e-03,-1.054325993537416628e-02,-1.716350204165641505e-02,-1.228938698852748493e-02,-2.081458992043820969e-02,-1.146489070757686704e-02,1.389368412381038198e-02,1.368816585209144988e-02,-1.349489794750748876e-03,1.108499157637995308e-03,-4.471568361659174380e-03
9.330641620784247553e-03,-1.292821473688081715e-02,-8.624736311669800246e-03,-1.692871750165806624e-04,-9.792120539019611575e-03,-1.413755952036082134e-02,8.580156319131701514e-02,-2.198041702821052629e-02,-1.420814666828091634e-02,-5.173167642129715069e-03,-3.562541499528092820e-02,0.000000000000000000e+00,-1.649341068322471987e-02,-1.573981736009903709e-02,-5.538829344340933693e-03,-2.050092971133216785e-02,-1.616264335117856624e-02,1.601900614441423287e-02,-1.754447977096587619e-02,-1.397449751524030247e-02,-1.328713870237724012e-02,4.907955410557379022e-02,-2.119163686634815622e-02,-1.317611893545089265e-02,-6.694316742448980402e-03,-3.859564776158616768e-03,-6.990207831604419893e-03,4.319897576301713442e-03,-1.264730710717175063e-02,-1.654115400491915425e-02,-9.541772910218107931e-03,-1.142748497606068184e-02,1.992512495256997668e-02,3.719797580057746661e-02,1.094199654091527335e-02,8.657163646581225031e-03,-1.284434697531656013e-03,3.601001794601830369e-02,-1.336125049074726734e-02,1.754683694221216214e-02,-1.631844580588984878e-02,-1.344776402436598239e-02,-5.131376978456590916e-03,-1.454375305838247548e-02,-1.901164890648937913e-02,-5.667403782577402731e-03,-2.352216733087292289e-02,4.997004190056755085e-02,5.462241841667882930e-02,-3.079297230280529998e-02,-1.618758919771268526e-02,-1.650895532553829648e-02,7.995781100864400581e-02,-3.361470010274686566e-03,-1.437355455278355176e-02,1.458082676811233748e-02,7.685111615288231501e-03,1.037096000463049936e-02,-1.984345787310564171e-02,-9.966925755949439941e-03,3.441319397700760320e-03,8.061379493380666644e-03,-1.687852402164955259e-02
1.905588346471481093e-02,3.639898608995985503e-03,-2.115945503070415512e-02,-1.099078012404955743e-02,-3.018513069643150200e-03,-2.982238836843027416e-02,-1.207833915711522058e-02,-1.685677422814398085e-02,-3.701685067779210327e-03,8.527556752248260583e-03,-1.121850555694435189e-02,-1.649341068322471987e-02,0.000000000000000000e+00,-6.724031614330360125e-03,1.458717422007959653e-02,-1.026501884003172896e-02,1.652957908083062949e-02,-2.948957739704137146e-02,-1.334719917213697841e-03,-1.845606864644384199e-02,-1.697731261026682453e-02,-2.303265426953012354e-02,-4.892331444451764218e-03,-9.618486768358575426e-03,-9.932656859587687265e-03,-1.795920168162794348e-03,-1.871783871346580780e-02,-2.168583158581408390e-02,-1.691315063789276124e-02,-7.744545917996799485e-03,-1.167250081338993759e-02,8.522834695878445327e-04,-7.330157070678545821e-03,-8.155753248521999815e-03,-2.423107592199033600e-02,-3.750469193154581937e-02,7.519069613121920174e-03,-1.680119375932880715e-02,1.291563719883281891e-02,-6.385918670948693065e-04,-7.667706506652305007e-03,-9.246103491172740158e-04,-1.851137554862268553e-02,1.264118346986177531e-04,1.054095142985013445e-02,-2.566707904407648268e-03,-1.105948745374953079e-02,9.980231164572795494e-03,-9.163054820796271566e-03,-3.400397386084275803e-02,-7.109527450410867491e-03,-1.759600706411480059e-02,-5.881960352995646915e-03,-2.302000854939522528e-02,-4.300883290488027866e-03,-1.144388707073003102e-02,-1.212418126847617308e-02,-8.805597990891526894e-03,-1.261833779110286755e-02,-1.206255950851342282e-02,1.653115464919980692e-03,3.301571439794494332e-03,-8.761107056130848850e-03
4.260906386998929499e-03,-1.502975979021948551e-02,1.292198739448255883e-02,-8.330625858615939988e-03,9.898531791806570307e-03,-1.314367222200038847e-03,-9.641121097669628354e-03,-5.507184731116307290e-03,-3.143944789682081523e-03,-1.741924613463949334e-02,-3.835805644333605859e-03,-1.573981736009903709e-02,-6.724031614330360125e-03,0.000000000000000000e+00,1.473250586007557664e-02,-2.387339864934263142e-03,-7.619352096302385580e-04,7.435474615414436501e-03,6.811993789404779953e-02,7.913568480142758182e-03,-1.176550665111245064e-02,8.193487620446516378e-03,3.570113132117733873e-02,7.813383062921196165e-02,-8.295517514163724265e-03,-9.023969959613728498e-03,-4.735401411861808740e-03,4.261122522055383471e-02,6.302883529343081270e-02,9.793750433198289418e-02,-8.552231656027989293e-03,7.764855645530011063e-02,5.155736309597445076e-03,-1.532611338514212017e-02,-1.034888127618230694e-02,-1.915507451398431107e-03,8.271270255462078602e-06,-2.961343584934965877e-03,3.759709250491635041e-02,-9.380580846013109736e-03,-8.999059844772696682e-04,-1.045204132096568851e-02,-1.111870524873061553e-02,-8.462799339202946997e-03,-4.470022690187413009e-03,-8.711217451235840625e-03,-1.111305505687774746e-02,1.200173276050381724e-02,-9.982522846992820248e-03,1.640406602508009265e-02,5.271384371312307776e-03,3.263686659483822170e-03,-1.080970657958659278e-02,-6.864415826947601121e-03,2.997001600352759004e-02,-1.030977768423534200e-03,9.705620756321819281e-03,2.791227388988548608e-02,1.029795556510857135e-01,8.613004715697855640e-02,9.474798610397440479e-04,7.038428548318124978e-02,1.005821766282994495e-01
-2.205907629113800297e-02,-1.312578502335342776e-02,-1.188559903426921957e-02,1.233188227418161552e-02,-1.278607437131636451e-02,1.099502457679411155e-02,-9.610990626888979774e-03,-1.502554390855185759e-02,-1.237478752509969457e-02,-1.765618646166548442e-02,-6.494283119748043079e-03,-5.538829344340933693e-03,1.458717422007959653e-02,1.473250586007557664e-02,0.000000000000000000e+00,6.985155421600998740e-03,-4.750380613977829743e-03,-9.323275530603431643e-03,6.543235023271960424e-03,3.965212727302473011e-02,1.786018743431119023e-04,-2.495440815652704477e-03,-2.484825513958606458e-02,-1.178576460846740906e-02,-1.401487616340945687e-02,-1.171429827046276476e-02,-4.895527778052346721e-03,1.705744229106622573e-02,9.502343350466355490e-03,1.392204426634249814e-03,-2.518880677763127556e-03,4.119873376496357878e-04,1.656681149370477918e-02,5.585539657024039817e-03,-9.293237503501330238e-03,-7.364363839153727047e-03,-3.877391660624735469e-03,1.391402051953597417e-02,-6.657134225040581103e-03,3.758988263472214097e-03,-1.078709696111358404e-02,-2.900049799807730058e-03,-1.589937182052244755e-02,-1.506531650308291347e-03,-9.626152132834048247e-03,-3.092271101447583142e-03,-8.252079230247306302e-03,4.685778051974714281e-03,3.613362274280726340e-03,-5.085238342887778672e-03,-1.746488285837491080e-03,4.335374992744534493e-03,-1.218048203971268395e-02,-2.868990212756141606e-02,1.439976024252792586e-02,9.496667760889729998e-03,2.361261821944271935e-02,-1.337236896485292058e-02,-5.564826004782400318e-03,1.600490112035053009e-02,-8.184478469468865064e-03,-1.776502048972880554e-03,3.969339052704981552e-03
4.189995227460097810e-03,-7.159736428273344618e-03,-2.359113475036333975e-03,-4.166452521518320025e-03,-1.105911111244723029e-02,9.833360642882594139e-04,5.637582720790807606e-04,-1.228340103057184302e-02,-1.289042986618457384e-02,-1.599034047298078173e-02,-2.344530143533392254e-03,-2.050092971133216785e-02,-1.026501884003172896e-02,-2.387339864934263142e-03,6.985155421600998740e-03,0.000000000000000000e+00,-1.396319672401158049e-02,-1.911500150698378780e-02,-1.729708676379434346e-02,-1.984559205904715823e-02,-3.982948368232784586e-03,6.404962207870712118e-03,3.757327543775709766e-03,1.975619147908347015e-02,-1.550763423139954120e-02,-1.386827870398170404e-03,4.733634833952246254e-03,-1.359177367802907876e-02,1.477083042503956646e-02,-1.042155249355306013e-02,6.320696788633767445e-03,2.132792771903720824e-02,-8.144257931671498862e-03,-1.886141858275319121e-03,1.649681130550818917e-03,-9.492610656812686121e-03,1.262456521499793691e-02,2.706952630132074440e-03,-2.634826939502811841e-02,-1.124645942857490158e-02,-1.085361070236175174e-02,-1.765016368149842710e-02,-1.677292859404630465e-02,-1.359003262365069374e-02,-5.724543662728167823e-03,-1.166292873849140987e-02,-1.224284044897716583e-02,5.834221157746347780e-03,7.087598665682474930e-03,-1.931071511527867809e-02,-1.352452819557593833e-02,-2.334802190588037944e-03,5.670118720750324040e-03,5.579695015659818028e-03,1.312266815746130841e-02,1.894816155080766146e-02,-2.380134668387703153e-03,8.389603158039066894e-03,-6.156069612309041268e-03,-1.151918590133408672e-02,-2.368284643601609521e-03,-3.795923095012549570e-03,6.641543575203323960e-03
4.695548515295863701e-02,-2.007597413866073210e-03,5.376557028558073131e-02,-7.926820846213314051e-03,1.491975552791238203e-02,2.251039187159964775e-02,8.991023566424101096e-03,-1.090910215869642964e-02,1.274238391833439846e-03,-1.393183685204980003e-02,-3.543629960354684194e-03,-1.616264335117856624e-02,1.652957908083062949e-02,-7.619352096302385580e-04,-4.750380613977829743e-03,-1.396319672401158049e-02,0.000000000000000000e+00,-6.180224639419300281e-03,-1.124247776596584356e-02,-1.294528597494374635e-02,-1.436944383853534443e-02,2.330133913860313322e-02,4.692995004893354971e-03,-1.116058564965499711e-02,4.433968140966550869e-03,2.917860214348251199e-02,1.944950876459222017e-02,-1.381246844148983910e-02,-1.134409961553710378e-02,-7.781845163739442919e-03,2.259856181988414980e-02,-1.474036075868682093e-02,2.206135438944707358e-02,1.790841377366274995e-02,5.010382959633090383e-02,8.910331795786844908e-03,-2.550285209560127723e-03,2.346277812929805501e-02,-5.343737012211845563e-03,-1.132506900365798028e-02,-1.691025074558944168e-03,-1.010975140982862085e-02,4.155297065002396331e-03,-1.226804995786909269e-02,-1.201031249003549697e-02,-5.503971415807169809e-04,-8.162985411147672538e-03,4.448131147906970312e-02,4.018384200554155766e-02,-2.100851279008417172e-02,-4.888907690175558693e-04,-1.405925819964238578e-02,1.053065595462938757e-02,2.012652252341458683e-02,-1.262001121641171189e-02,-1.464668019332789929e-02,-1.561172278532856061e-02,-3.991521266887754563e-03,-1.066677424881041537e-02,-4.259485707026030091e-03,8.441646514240213478e-03,1.428865184897583872e-02,-1.442893806518183962e-02
4.779910070207022549e-02,-3.863360225214611254e-02,-2.161415904124863036e-02,1.832404406171917605e-02,7.361412249475962795e-03,-2.381097266964431886e-02,3.425931699824160542e-02,-1.111141552316634307e-02,-1.704920547815136356e-02,5.071299784007319601e-03,1.030055361641277721e-02,1.601900614441423287e-02,-2.948957739704137146e-02,7.435474615414436501e-03,-9.323275530603431643e-03,-1.911500150698378780e-02,-6.180224639419300281e-03,0.000000000000000000e+00,1.371758186205621413e-02,1.177375125528025077e-02,1.149170126383183485e-02,-9.872175893366662291e-03,-2.295964680405484029e-02,4.310290742942561593e-02,1.072070239191357487e-02,-8.032787741515072522e-02,-1.554323557818748126e-02,-1.819443042061062027e-02,1.632625282877953748e-02,3.094951975680478376e-02,1.114220457401775928e-03,6.114867926111535595e-02,2.307672616792809384e-02,7.927686539824990025e-03,-5.884720384344986621e-02,-1.730298454334692343e-02,2.013896480010596290e-02,8.027090010000886150e-03,-1.431871020779549586e-01,5.251623339520220500e-03,-7.144934949452888193e-03,1.780482459494205820e-03,3.084261507278500489e-03,3.802117597957615971e-03,-7.234415283791516445e-03,9.203161190411906362e-03,-7.253870521388270168e-03,5.909138885273716724e-03,1.948489985446622691e-02,4.359099379636188765e-02,-1.617094684300726323e-02,-6.880837239546894364e-03,4.690506843485518079e-03,3.017732171338860514e-02,1.985292116851466657e-02,-1.747345399515944780e-02,-2.437644891482292769e-02,3.463183527518149535e-02,3.258079265895600513e-02,9.382512098900484127e-03,9.989898802490747992e-03,5.428402499274731507e-02,4.263696923838082575e-02
5.043523490053032632e-02,-3.310105490235155240e-03,-1.008429776079463810e-02,3.077964351318181538e-02,-1.714694784433874047e-02,-7.581799052044406288e-03,4.370223252933430478e-05,-6.086473842907318826e-03,-1.710524166905622728e-02,-2.668734009127381526e-02,-8.088559887937886786e-03,-1.754447977096587619e-02,-1.334719917213697841e-03,6.811993789404779953e-02,6.543235023271960424e-03,-1.729708676379434346e-02,-1.124247776596584356e-02,1.371758186205621413e-02,0.000000000000000000e+00,-5.519287462186315413e-02,-7.024986852201616991e-03,-1.162400625687247564e-02,3.839447474530562152e-03,-7.782871612523364901e-02,-2.901462722357284196e-02,-1.447650118264751963e-02,-2.712372968761719849e-02,1.049736350226495793e-02,-4.793107703079464710e-02,-1.251596393529066931e-02,9.474392635029523640e-03,-9.767650298335883025e-03,9.246126313182549683e-02,3.609401778000063954e-02,-4.532507065812887981e-03,1.606881833260494566e-02,-2.141010139570139782e-03,-1.066449505633682883e-02,5.989998407304370637e-03,2.958019715808192767e-03,2.245285048556193083e-02,-1.155126565149047421e-02,-1.869650328700899963e-02,1.232226639731206271e-03,-1.300678761248402412e-02,-6.946646372048129181e-03,-1.393618282713547131e-02,-2.429070607784738003e-02,-1.958231936195312453e-02,-4.050277750738486698e-02,-1.852421557033349236e-02,-1.920524752490856274e-02,-5.482649847865823586e-03,-2.306557989860004779e-02,-3.024645207708435632e-02,-2.603343016126401580e-02,-4.086963211393785170e-03,3.224459849430581261e-03,3.206340486917898247e-02,-6.782326886879104857e-03,-1.309549623707101373e-02,-2.757383758952761110e-02,7.323524459499445964e-03
3.433841820659300215e-02,4.014934832851485558e-02,2.938081406388966602e-02,6.554737866247822842e-02,-5.969523857213506618e-02,-1.065781259825508351e-02,-5.881982715461396734e-03,-5.909558208843725818e-03,-1.049151747031585105e-02,6.613066898465432171e-03,-3.128780199812696179e-03,-1.397449751524030247e-02,-1.845606864644384199e-02,7.913568480142758182e-03,3.965212727302473011e-02,-1.984559205904715823e-02,-1.294528597494374635e-02,1.177375125528025077e-02,-5.519287462186315413e-02,0.000000000000000000e+00,-1.385826311775761009e-02,-2.296899924115975225e-02,-5.750574534290290446e-02,-1.499882389628768853e-01,-1.704856769523700050e-02,-6.185708809040259964e-03,-8.920192964650377337e-03,-3.628752938615293494e-02,-8.282776068308314588e-02,-2.906969469341455503e-02,-5.635025832990010405e-03,-3.097218620210253487e-02,7.429937075347847752e-02,1.493364629315429692e-03,4.811611167652903032e-02,4.895908904160144182e-02,-6.509183166737035620e-03,1.166577390061109346e-02,1.128859287920865907e-02,5.393640441111510059e-02,-1.384843121736779913e-03,-1.644657516165306047e-02,-2.047632055804681286e-02,-1.525880931580262702e-02,2.481964549717316504e-03,1.526467810964600479e-03,-1.819039494257239029e-02,6.172572998897851888e-03,3.852804320379286940e-02,3.279017688701389016e-02,-6.412454872666153993e-02,-5.094376968130530023e-03,-1.575352977458531131e-02,1.019791623421368101e-02,-1.362382433528403491e-01,-2.572078463025025477e-02,9.018417668434752787e-03,-4.148603745313789171e-02,-8.983016921246590736e-02,-5.747203927847203270e-02,3.848875616891375088e-03,-6.337635998456486730e-02,-3.355339749139951699e-02
2.456455328733709795e-02,4.552092869960874116e-02,-2.769593674065681625e-03,1.270442698910281094e-03,-4.325654782440825630e-03,-3.371454636904622215e-03,3.857349230719160638e-02,-8.347136454686690868e-03,-1.363293003978418086e-02,-9.797336239475878603e-03,7.671218485345035476e-03,-1.328713870237724012e-02,-1.697731261026682453e-02,-1.176550665111245064e-02,1.786018743431119023e-04,-3.982948368232784586e-03,-1.436944383853534443e-02,1.149170126383183485e-02,-7.024986852201616991e-03,-1.385826311775761009e-02,0.000000000000000000e+00,-2.004657812960559254e-02,-1.477056848951151594e-02,-2.822784012339697376e-02,-1.847592507450825441e-02,-1.302261936199069700e-02,3.172903066759252821e-02,6.862073842860100248e-02,-1.658894882178379342e-03,-9.151306865093203347e-03,7.243873100148276456e-03,-4.941562680966319829e-03,8.645367922856814560e-03,3.146970129408641157e-03,9.740899663951341214e-02,-5.398790533258274876e-03,-1.059701243412791358e-02,-1.228949063434065306e-02,-5.925143305082982564e-02,-5.225947301263339680e-03,-1.161790954367599230e-02,-2.219846896125431818e-02,-1.989405382233198558e-02,7.610402455878860321e-03,-1.314091422189711013e-02,-1.045396489844079360e-02,1.135481068884923103e-02,1.927125903792340639e-02,3.143470638992364175e-02,-1.190729763124154759e-02,-2.371300902050772069e-02,4.378585550230414125e-02,9.772083998328283741e-03,-1.275632177108658449e-02,5.701010255487907801e-04,1.417237421385282234e-02,4.544107918728888806e-02,-3.166626619675151633e-02,-1.602654405783686398e-02,1.229991273991555556e-02,-2.257581794802886871e-02,-2.379855982513577606e-03,-1.085939763587859784e-02
3.535123397265292535e-03,-1.875060784816375697e-02,-1.816596860533848876e-02,-7.181357757171313687e-03,-1.279306251666792980e-02,-1.531579313128098377e-02,-1.780227400624889017e-02,-3.011627364664003909e-02,-4.613247127857225682e-03,-1.289879884017627008e-02,-1.444404173999632238e-02,4.907955410557379022e-02,-2.303265426953012354e-02,8.193487620446516378e-03,-2.495440815652704477e-03,6.404962207870712118e-03,2.330133913860313322e-02,-9.872175893366662291e-03,-1.162400625687247564e-02,-2.296899924115975225e-02,-2.004657812960559254e-02,0.000000000000000000e+00,-5.321548752326201587e-02,-1.438775665434492354e-02,-1.164351128804265532e-03,1.349394710267850031e-02,-1.645712923339850975e-02,-8.827320514475938892e-03,-4.065892238962234536e-04,-1.424317215225623726e-02,-1.397835146098221418e-02,-1.006111436406770428e-02,6.285250086123839001e-03,2.184164072760800754e-02,-1.883019239240527054e-02,-1.613984987900096701e-02,-5.355022649952625655e-03,-5.428810877562251225e-03,-4.183628127426598786e-02,-2.453601259524584161e-02,6.196695216276061624e-03,7.359892974268905826e-03,3.435102337190272526e-02,-7.293116433212004993e-03,5.330109614204839091e-04,-1.707726242897353308e-02,-4.787520881060157441e-02,-2.210695032257080014e-02,-3.226877870878898380e-02,-4.874755309527104008e-02,-1.235005295360614742e-02,-1.658396277477138664e-02,2.377784808625143381e-02,3.603038159361493433e-03,-3.119987896244678146e-03,-4.900627476646499461e-03,-4.729954889199062401e-02,-1.167331249743528906e-02,-1.636776825851467276e-02,-1.180493288624006112e-02,-9.813603561839739399e-04,-1.099584760302034503e-02,-9.627850688368095461e-03
4.473759241437445799e-02,-1.839166529602858507e-02,3.681887800473624024e-03,3.210623781672221344e-02,-8.467689541520845992e-03,-3.366137266207654827e-02,1.032783311197896237e-02,1.755134076659798856e-02,-2.617642660950026366e-04,1.915300013235841231e-02,2.536953840415011666e-02,-2.119163686634815622e-02,-4.892331444451764218e-03,3.570113132117733873e-02,-2.484825513958606458e-02,3.757327543775709766e-03,4.692995004893354971e-03,-2.295964680405484029e-02,3.839447474530562152e-03,-5.750574534290290446e-02,-1.477056848951151594e-02,-5.321548752326201587e-02,0.000000000000000000e+00,2.896248170390027313e-02,-1.802739803671906532e-02,3.791140124206909649e-03,-1.273246355060318399e-02,4.169212758183408682e-03,2.652638246957181312e-02,-2.680973844754011657e-03,-1.784584201345398510e-02,7.997753130725734905e-02,-9.187842196096177375e-03,-1.892701240184700359e-02,-1.968648913056685740e-02,5.268281438038374329e-03,6.036685724474953607e-02,-3.805316739795751996e-02,-7.939977129523849431e-02,1.393889024354427394e-02,4.186383841436965014e-02,3.457183989356465981e-02,-1.750922074652972935e-02,4.144988518533701712e-03,2.857464212393744443e-02,-1.398832521290028705e-02,1.552323021267046875e-02,-4.724243805123205797e-02,-1.181182084781546085e-02,-3.000098269880064825e-02,-3.844066328260936638e-02,1.017904153708782192e-02,-4.397565978337153458e-03,-1.626984387714571628e-02,3.889941072853917575e-02,-1.458659210144684290e-02,6.082715162362445794e-04,-2.701171310284244953e-02,2.424239530798519976e-02,2.311746786059701991e-02,-1.722517451885555162e-02,9.298993469379540633e-02,3.744818817373937042e-02
-4.640318301692144404e-02,-1.277146216636468844e-02,-1.071840317932923510e-02,-3.446826707907493792e-02,-3.084937919265484663e-02,6.047017507426128043e-03,-2.142231192738571714e-03,-1.642489194127638025e-03,-2.387641964703128908e-02,1.235061395111380564e-02,6.879711665178379551e-03,-1.317611893545089265e-02,-9.618486768358575426e-03,7.813383062921196165e-02,-1.178576460846740906e-02,1.975619147908347015e-02,-1.116058564965499711e-02,4.310290742942561593e-02,-7.782871612523364901e-02,-1.499882389628768853e-01,-2.822784012339697376e-02,-1.438775665434492354e-02,2.896248170390027313e-02,0.000000000000000000e+00,3.032634913570044031e-03,-1.661925259296240590e-02,-1.812943711256343945e-02,-2.018152952542559206e-02,9.960835797911929412e-02,-1.473439363002946589e-01,1.905414592893627662e-03,-3.008888695575192423e-02,-1.467352875465142634e-02,1.072680654981105972e-02,-1.070020299336357436e-02,-3.262317699313703554e-03,3.372307128994061348e-02,-1.324479699151797155e-02,-4.152878954650458809e-02,-1.581239619759765985e-02,5.663550319918853049e-02,-1.675160018020121350e-02,-1.908508201947386324e-02,2.021282774334895796e-02,4.443345882628963427e-03,2.174211907063901966e-02,-1.600860513254825966e-03,-3.227963531506228279e-02,-7.686292111337575611e-04,-7.131911676609115069e-02,-5.174030235387135773e-02,-9.749983257400072004e-03,3.130017920087280366e-03,-2.925500087472395795e-03,-2.935758495530402939e-02,-2.152105949057165485e-02,-2.910855359012229360e-02,1.014259340416950525e-02,-1.813532643570654468e-01,-6.539918839666881978e-02,-3.733232896674867213e-02,8.646261468356982241e-03,-1.055693778746317896e-01
