0.000000000000000000e+00,-3.037986588398321544e-02,-2.839785336143022670e-02,8.346280498360546252e-02,1.189172901480322758e-01,3.657244166286580805e-02,-3.509976909343607426e-02,-1.835202867289333073e-02,-2.160334257343207720e-02,-3.541625944706024848e-03,-1.676708357174616637e-02,6.848617363727317608e-02,2.475868474829102245e-03,-1.235844247016980833e-02,-3.534839470622521546e-02,-2.856958395333544700e-03,-1.622670453888505615e-02,1.322275744835725922e-02,4.055757026472308485e-02,-3.896443300918874669e-02,5.193536528491991128e-02,4.032183460002535663e-02,-3.781383675907803305e-02,1.023406554189681544e-01,-5.851558794474778086e-02,-2.722241484326028485e-02,-6.356597379564850325e-02,4.993484702270652165e-02,9.829224245776582713e-02,1.112649911796566304e-01,3.273276675783941270e-02,3.011464938525323931e-02,8.371144704053090635e-02,-6.707878761380786994e-03,-1.621357350203842668e-02,-2.822363797340324276e-02,6.379027101528910934e-03,6.978944635957986739e-03,-1.197737696646347140e-02,-7.646286657459441458e-03,-2.216128698671874370e-02,2.209809710467760743e-02,-9.260539013757717111e-03,-2.575102745478434138e-02,2.543613614745503931e-02,-1.663949812257641686e-02,-3.207010910292855399e-02,4.119080400443244500e-02,6.623230745443221823e-02,-1.453927303963124459e-02,-7.044091275794348017e-03,3.593101016807083437e-02,4.354092988762187089e-02,6.824325324567413753e-02,1.826496210626010197e-01,-1.739926568358509534e-02,-3.604834933795362378e-02,1.180193855068717435e-01,7.717275887499866482e-02,9.158175505957946716e-02,-4.501861154685343064e-02,3.506910962041565050e-02,1.183432565542423820e-01
-3.037986588398321544e-02,0.000000000000000000e+00,2.187200352188540392e-02,3.488605608300651695e-03,-4.896726109290566731e-02,-9.102129324774695454e-03,-3.033430106490441272e-02,1.342051328354184822e-02,-9.548396062801202400e-03,-9.994348557415719606e-03,-1.358015248169675091e-03,1.084605408735131588e-01,3.034794206788142892e-02,2.049398690738463841e-02,-3.130454632811050658e-02,1.065425710795941082e-02,-3.235023190854502406e-02,-3.843756280453884677e-02,-7.677429719046741097e-02,2.045657387483367992e-02,1.053523799708978304e-01,4.468254234291865051e-02,-4.020644875475880287e-02,3.143503678142449409e-02,-4.493003216409705708e-02,-4.995555215378046782e-02,-9.109007310191893567e-03,6.180378835369465529e-02,-5.317826728163264211e-02,-5.472517098251485773e-02,-2.830121777262643162e-02,-1.849275355083953090e-02,-7.204830964192206200e-02,1.267279132974358583e-02,3.247609085482425911e-02,-3.806947223726342422e-02,2.840093158105146814e-02,-7.372580486524882119e-03,-4.058255079998247111e-02,-1.072468705700000899e-02,-1.185392389743128438e-02,1.170358812626591180e-02,9.506424413417799424e-02,5.776596346552211048e-02,3.127542096965653384e-02,1.073202012228322982e-01,-7.770985144472454184e-03,6.240827476803327556e-02,-3.129016538932816172e-02,2.266712484515662901e-02,-3.248826307937105300e-03,-1.163700491139497799e-02,1.158602803707779599e-01,1.022843316599046093e-01,1.267230673156161114e-01,-2.870029776155137366e-02,-5.245390488030544918e-02,4.851576648045594770e-02,-7.008791571040154378e-02,-7.877378060919529301e-02,-3.978289913834649749e-02,-1.227941453926423808e-02,-1.439477014097283528e-02
-2.839785336143022670e-02,2.187200352188540392e-02,0.000000000000000000e+00,-1.941395542187702300e-02,-1.589409977013997791e-02,-1.773360835610188896e-02,-7.600539976728477518e-03,4.103652601428386427e-03,-1.134688040144418708e-02,-1.150996566709174516e-02,2.115152514373012244e-02,-8.940882894674784601e-03,5.162947739563676988e-03,1.445436614651292827e-02,-2.790437693365158817e-02,2.054543015053872379e-02,-2.650278546787054879e-02,-5.338752566660589366e-02,-4.144317921357720813e-02,1.003508320779660304e-02,-1.993487970142255108e-02,1.711222901340856556e-02,-2.948289009189668589e-02,-3.341288317349522252e-02,-8.446099519918193882e-03,-1.411197851122716895e-02,1.768997556489137341e-02,-3.879551476344685664e-03,-2.742071763155979822e-02,-3.302861959324823043e-02,2.602862935349179938e-02,9.276610886540850517e-03,-5.136147635430270142e-02,-3.483250478498143426e-02,3.533067003663133837e-02,-2.397099285347343775e-02,-6.848661789648579842e-03,5.837664008780431464e-03,-9.425107482221500854e-03,-1.506209746749195789e-03,1.780965678518930950e-02,2.506965030872840283e-02,-3.017644850648828342e-02,3.276292219119033428e-02,7.815144401866003232e-02,3.857683934900026784e-02,1.398555482399116076e-02,-1.232744558376889718e-02,-4.324781412785053299e-03,-4.660945892534285040e-02,7.847563793505023949e-03,-3.844077398749114888e-03,-1.064930260094735029e-02,-9.752851682901443608e-03,-2.563176446452446883e-02,-4.655831496654343205e-02,-5.415983001568158879e-03,1.293490614322436762e-02,-3.725536315853152092e-02,-4.012642121352429092e-02,-3.515246577857501775e-02,-2.092457447919157665e-02,-2.962649925944089643e-02
8.346280498360546252e-02,3.488605608300651695e-03,-1.941395542187702300e-02,0.000000000000000000e+00,4.824910794962499611e-02,1.455558663237572700e-02,3.418726669500905813e-02,7.195050615225270611e-03,1.791100389851151692e-03,-5.493913694416349518e-03,-2.138105672077864755e-02,2.293792703281687800e-02,-2.073730037658885056e-02,-1.773073773417891547e-02,1.577202062266239851e-02,2.286232435037621746e-02,-2.841757858236761049e-03,-4.366712728626657297e-03,7.284258820053211847e-02,-2.344432191196564944e-02,7.145264643535621796e-02,9.198359584406320955e-02,4.073787513679748978e-02,1.076011994966580287e-01,-3.076887318988307668e-02,1.059697880219240794e-02,-9.469857797054776274e-03,4.446351171011364567e-02,6.409503318602656485e-02,6.209732174869392329e-02,9.220179857311223970e-04,-1.256631118700829094e-02,5.526864027308869831e-02,-3.735419255442588848e-02,2.186989605894119199e-02,4.228091604132284791e-03,-3.356036543084926077e-02,6.739084644831106266e-03,1.637190242296145820e-02,-1.566151508994515634e-02,4.691722888607724462e-04,9.866761445030885341e-03,9.519110451528823777e-03,-2.042544330375890838e-02,7.133747279989101527e-03,4.575937167284738552e-03,1.124514186376273208e-03,2.941750560999605371e-02,4.965623232859957270e-02,-3.785638189794774539e-02,4.615580779781455062e-02,-5.320524505165394845e-03,6.768556589914073544e-03,1.421911688119545381e-03,4.492192583825123375e-02,2.028354377411105136e-01,2.950489205927130792e-02,-8.504053131619893069e-03,2.835640303153073166e-02,8.434217731820684016e-02,2.440810110465932437e-02,-1.260120548874343535e-02,5.968282265986628310e-02
1.189172901480322758e-01,-4.896726109290566731e-02,-1.589409977013997791e-02,4.824910794962499611e-02,0.000000000000000000e+00,2.026360064098804356e-02,2.804839434315232333e-02,3.392642141227342201e-02,4.223575590755569709e-02,4.622889671224256550e-03,1.077845528827357444e-02,-1.022300378875589874e-02,-2.022954373374119541e-02,-2.165686219505917609e-02,3.505371115104317925e-02,-9.065833728688304713e-03,-6.668973595310897715e-03,-1.811320019534485778e-02,7.145049009118452366e-02,-1.080177435613096856e-02,2.788358784681522345e-02,-1.404598015570295878e-02,-4.913934539099865453e-03,7.019557886721287943e-02,-2.486813245793318555e-02,3.070020271569210563e-02,-2.239903844422335560e-02,-2.691547727083298813e-02,6.129492003456998850e-02,5.268564833092824473e-02,4.239795914308425065e-04,-2.021622123382284253e-02,1.694501621640377795e-03,-2.676442498107192702e-02,-2.478468254829224726e-02,4.297475081436690630e-02,-1.835799374320751243e-02,-1.312232456710000703e-02,1.431960036528778790e-02,-2.424896284726283519e-02,1.036986364345017638e-03,2.893100085452686779e-02,-3.078642592549241802e-02,1.793413021894826875e-02,-2.222364274276853249e-02,5.413145148117243580e-03,-1.209411522899739820e-02,-7.776512660663838054e-03,1.949427765911703955e-02,-1.798198517189577086e-02,2.202080751939277173e-02,-2.705913000954803665e-02,2.569806141895450424e-02,2.009665537465342780e-02,4.331381599735617538e-02,7.008883402274962426e-02,4.582600314298310162e-02,-1.641638114133246382e-02,9.195272654596031020e-03,1.889911547184004378e-02,2.678057274368123020e-03,1.241428249736143893e-02,3.383635255977503198e-02
3.657244166286580805e-02,-9.102129324774695454e-03,-1.773360835610188896e-02,1.455558663237572700e-02,2.026360064098804356e-02,0.000000000000000000e+00,3.216182042043299466e-02,-8.238628825963257435e-03,4.109758568288565672e-02,3.526189068540259985e-02,4.069212710541837696e-02,1.265985607685606550e-02,-9.434403555533009411e-03,-2.689174054995607799e-03,-2.088577542234687501e-02,1.886637474357256636e-02,1.039341779874138408e-02,2.078351336405170890e-02,-2.045896450644321338e-02,3.498484920679227617e-02,4.785646201350136908e-02,1.299140722515567704e-02,1.089433011910502166e-02,-9.468710747553069768e-03,-4.827382027396239427e-04,4.940580726126170968e-02,4.792972383178900619e-02,2.170411168883802297e-02,-1.893904072394913748e-02,-2.020767382928119124e-02,-7.147554436384678366e-04,-1.994229084149592990e-02,-1.729035810069594684e-02,1.105991476173443736e-03,-1.941013436797827188e-02,6.662087401598104294e-03,-1.604083334694632670e-02,-1.129042509511538409e-02,1.033635227213041199e-02,-1.095694225426035139e-02,6.246734076771998101e-02,9.187357046775715408e-03,2.689744119321649946e-02,3.232869981810217869e-02,1.335566332049903686e-03,-2.141708775920570830e-03,-1.206070900923663855e-02,-9.769004225681703762e-03,-1.602501828294891628e-02,2.370328634112993035e-02,-9.951419816105491756e-03,-3.028547013292286552e-02,-4.390903075219129356e-03,2.959439415295785775e-02,1.827199334078190296e-02,2.518491022740260848e-02,7.937832846145084775e-02,-9.282394162857369319e-03,-2.528116804754473174e-02,-4.369976674331382642e-03,-3.456373078220936670e-03,-3.713152540767435117e-02,-7.158325049626415928e-03
-3.509976909343607426e-02,-3.033430106490441272e-02,-7.600539976728477518e-03,3.418726669500905813e-02,2.804839434315232333e-02,3.216182042043299466e-02,0.000000000000000000e+00,-1.997422752886862554e-04,-2.257759479719665535e-02,-1.017116648493319661e-02,-2.460568485629700472e-02,2.393617962934010621e-02,-1.182328350709397312e-02,1.423105053584765300e-02,-1.431499541808169216e-03,1.899772074481795607e-03,4.518453960850905317e-03,-7.519439210531259250e-03,-1.330200522443773445e-02,1.501813220157909370e-02,2.584379925786708943e-02,-2.238193874379386036e-02,-2.058931561698715620e-02,-1.614253272497259348e-02,-1.122070318147911326e-02,-1.242155639376070833e-02,-2.007095606834915363e-02,3.467320199014023441e-04,4.489222178205465211e-04,-1.641531975431514859e-04,-2.065561435572781015e-03,-4.263058891194477715e-03,-3.517378650209683662e-03,-7.265941578330173834e-04,7.495698051153470640e-03,-2.418949880326908691e-02,-3.898503097019626919e-03,3.713766574091342809e-02,-1.108352408577124512e-02,-1.017896510786889253e-02,-1.932392606616395100e-02,-5.261286030260972982e-03,-1.265791739344350464e-02,1.549296891882961935e-02,-8.257283591903346459e-03,-9.876716805938068680e-03,6.726103611306506747e-02,-5.756665000558067700e-03,-2.187383711067927144e-02,6.010903946158385747e-04,-4.187549910807839351e-03,-1.715376769917775421e-02,2.640427067957550403e-02,8.496379781905195189e-03,1.964000595556403966e-02,-2.155499896952273869e-02,-1.734009837545930771e-02,1.590688297800834511e-02,-4.266267320555902805e-03,-1.377128329001340787e-02,-3.059423644191650721e-02,-1.202941411215748338e-02,2.170392156018680768e-02
-1.835202867289333073e-02,1.342051328354184822e-02,4.103652601428386427e-03,7.195050615225270611e-03,3.392642141227342201e-02,-8.238628825963257435e-03,-1.997422752886862554e-04,0.000000000000000000e+00,-5.575030011581652220e-03,-1.597254610673990577e-02,-9.145116559757447000e-03,6.863117049454789398e-02,-2.374733564243167346e-03,-1.437541852076552884e-02,-7.542906224742879084e-03,3.763127183506488616e-02,1.255215828112185919e-02,-7.644018877435506884e-03,2.099008509870186473e-02,-1.819765755243221705e-02,4.908414030291999991e-02,1.572235057429011498e-02,-3.563786576467016520e-02,9.860468013524634201e-02,-2.693130080270170895e-02,-8.752009615704379672e-03,-8.943524698892915334e-03,8.348482947014559952e-02,6.392990981307308807e-02,6.600433994770514567e-02,1.496549166580860533e-02,-1.171311389632983570e-02,-7.588137826804283899e-03,-8.983870442376553495e-03,-1.779136243418842980e-02,-1.067443138199877621e-02,-5.203280298284296800e-03,7.988637998262600876e-03,3.562122170050066507e-03,7.231178786624739736e-03,-1.249795993356467121e-02,6.229028611408306965e-03,1.909609419964424654e-02,-4.358361640439683757e-03,2.093926450128193520e-02,2.251311475459105010e-02,-9.087690371598013475e-03,1.708454372016597264e-02,9.957705255658534128e-04,-1.929989651374539039e-02,-1.570247057575569621e-02,-3.348191381031766917e-02,4.839021399397261565e-03,6.159959539438022297e-02,1.192055409921611159e-01,3.944762409963468996e-02,-3.203848435489993485e-02,4.992132145874751681e-02,3.032388444442202929e-02,5.119115575678190311e-02,2.421551113895435703e-02,-3.168904097936882380e-02,7.090544687219538234e-02
-2.160334257343207720e-02,-9.548396062801202400e-03,-1.134688040144418708e-02,1.791100389851151692e-03,4.223575590755569709e-02,4.109758568288565672e-02,-2.257759479719665535e-02,-5.575030011581652220e-03,0.000000000000000000e+00,-3.731856047842225382e-03,-7.464338986226401809e-03,4.070435643369651676e-03,1.044466659114113259e-02,-3.366458563845975242e-03,-5.220100708145930871e-03,-1.083267708548129281e-02,-9.831840498514014468e-03,-1.964418830183144171e-02,2.038468761461116260e-02,-2.116726522117814285e-02,4.434675210117862247e-03,2.237597237883880846e-02,-1.597505872019868572e-02,-3.471053449230398959e-03,-6.030212317788346925e-03,2.546504789556745720e-03,-5.873929941880781997e-06,4.753153438523821835e-03,1.551863093974661587e-02,1.897283998994449966e-02,8.368054021699659201e-03,1.929809401778580930e-02,3.490667584797808864e-02,1.294022373935966794e-02,1.952345004958546890e-03,-1.780480623175533655e-02,-3.934498706940110432e-03,7.365512708332760776e-03,-1.449070287371029969e-03,4.859744778568972465e-04,-1.271114635756559995e-02,-1.088980264083947574e-02,4.549310745467445355e-04,1.106102602416158577e-02,2.579281333700114004e-02,5.468401053920064932e-03,3.634531247468930366e-05,9.463945653563033203e-03,7.517017131223535480e-03,-1.436807649993218985e-02,-4.292065770351027182e-03,-2.113635015854994394e-03,7.678650564162723888e-03,1.960836086655085107e-03,1.431679025523572126e-03,1.096319171625406187e-02,-2.448727675710111323e-02,7.808952761191765082e-03,8.294929952802962761e-03,3.170349920155905721e-02,-1.624026411856137287e-03,2.261178396917421646e-02,1.872257873236651479e-02
-3.541625944706024848e-03,-9.994348557415719606e-03,-1.150996566709174516e-02,-5.493913694416349518e-03,4.622889671224256550e-03,3.526189068540259985e-02,-1.017116648493319661e-02,-1.597254610673990577e-02,-3.731856047842225382e-03,0.000000000000000000e+00,1.289172940507002374e-02,3.124895765665253872e-02,1.058753947100570013e-03,3.632457444897791571e-02,5.328927401440274048e-02,-1.978590137687415151e-02,8.983683899946817708e-03,3.414466020900534110e-02,1.730794164626050374e-02,-1.393019926015253741e-02,2.734182060030934582e-03,1.375145538740727216e-02,-1.673408872102361347e-02,7.317237612263799429e-02,-1.455322977483941658e-03,1.038337849842557725e-03,-3.708777065379731484e-03,2.015578761430072627e-02,8.124534782993773907e-02,6.449294683776710113e-02,1.040846645101086917e-02,-8.903027628699457935e-03,4.614593814300053769e-03,-2.676224192956187971e-03,1.621312519301877295e-02,-1.913952010859119174e-02,-4.432046311538747902e-05,-1.766082292502476475e-02,-4.919614143465705566e-03,1.906878433978628426e-02,1.708569778303130685e-02,9.234479588109996764e-03,7.904703643403038433e-04,2.543202775881327985e-03,-1.023996315792377945e-02,-4.221630512908103663e-03,-1.543113341415622633e-02,3.892472742701480470e-02,-9.341230175434529922e-05,1.442447270511063376e-02,-2.223946478293476262e-02,2.136763282762979554e-02,-1.905983040525335154e-02,3.154642607677109190e-02,6.140913171310983382e-02,4.133665609765469623e-02,7.563087929080431100e-03,1.337382480846396535e-02,4.291933464970877632e-02,4.350757165592360198e-02,1.514634689508963326e-03,-9.852359266268453236e-03,5.764375231783410575e-02
-1.676708357174616637e-02,-1.358015248169675091e-03,2.115152514373012244e-02,-2.138105672077864755e-02,1.077845528827357444e-02,4.069212710541837696e-02,-2.460568485629700472e-02,-9.145116559757447000e-03,-7.464338986226401809e-03,1.289172940507002374e-02,0.000000000000000000e+00,-3.372474257184827906e-02,-5.562211783867067674e-03,6.825565421739768560e-03,1.358283517866288280e-02,2.038708322961717972e-02,8.649580382372308585e-02,1.220375099558050486e-01,2.815791927571389963e-02,6.899831219313042052e-02,8.766632359534695662e-02,-2.487376245820632076e-02,5.792641511457976428e-02,4.892888250510968318e-02,-3.484151579547285771e-02,-1.932011936914501335e-02,-9.986280858610450256e-03,-6.680741968806627393e-03,6.605221990879958649e-02,3.178906602216903521e-02,-2.637273618598993605e-02,2.606624486861255918e-02,-8.708086545151608616e-04,5.483685969850828068e-02,-2.046727510651870363e-02,-1.004000270531392458e-02,1.230686632880171640e-02,-1.028959255231676542e-02,-2.951519406325336936e-02,2.386757423526207969e-02,1.943001170241634434e-02,1.080722999457805165e-02,-2.065624942102943160e-02,2.771963226332492883e-02,2.251872610051083509e-02,1.427927826560879652e-02,2.528641853807955114e-02,-4.725119283637760695e-03,1.127394620868859762e-02,1.339031685781141845e-01,-2.618822165050104650e-02,7.076295114504385642e-02,2.249291272666231745e-02,-2.330272820630256356e-02,1.515823186747143614e-02,9.569001355893104466e-02,3.189421553993536385e-02,-2.087237491862092148e-02,1.206295937997895265e-02,8.716904983365839077e-02,1.683700482585420016e-02,-8.758730365184107941e-03,3.063887467220418465e-02
6.848617363727317608e-02,1.084605408735131588e-01,-8.940882894674784601e-03,2.293792703281687800e-02,-1.022300378875589874e-02,1.265985607685606550e-02,2.393617962934010621e-02,6.863117049454789398e-02,4.070435643369651676e-03,3.124895765665253872e-02,-3.372474257184827906e-02,0.000000000000000000e+00,4.088039530269823446e-02,3.085463080858845755e-02,-4.692631489747649612e-03,2.003472442945533616e-03,1.463828698009791117e-02,-3.580910462116393411e-03,-2.839699564570350582e-02,1.068869280517400523e-02,2.096915297341163387e-02,-1.451306498169734407e-02,2.036735221029227147e-02,-2.353456841414390717e-03,-1.902864676485820430e-02,1.450076023810410383e-02,2.922956477816282539e-02,3.015066861039602392e-02,-4.849464446131577372e-02,-4.838194251651317668e-02,-1.158254317098093324e-02,-5.811708915652841201e-02,-1.667580985816714129e-02,-1.878523865044816332e-02,8.828177655199395679e-02,1.812281568605828355e-02,-9.059646319124143102e-03,3.795708387440071413e-02,8.826912943240636245e-02,-7.479794319153571305e-03,5.406446151878503692e-02,3.881126881786241267e-02,4.333797489227989193e-03,2.044250883125394228e-02,3.728258444453227266e-02,-3.068557122773735049e-04,1.646385690387936612e-02,7.860100977645036180e-03,1.598210724918149722e-02,-8.942134049885495928e-03,5.048454320177751115e-02,4.490043329084025814e-02,-1.242741636265578230e-02,8.164807517102055934e-02,1.945114620966711255e-02,-4.363327187071156660e-02,4.948221886079230691e-02,5.614642261990596822e-02,-5.719392210298266527e-02,-4.480839258680496817e-02,4.016142452516213712e-02,-4.473747188655780027e-02,-2.478240781349225208e-02
2.475868474829102245e-03,3.034794206788142892e-02,5.162947739563676988e-03,-2.073730037658885056e-02,-2.022954373374119541e-02,-9.434403555533009411e-03,-1.182328350709397312e-02,-2.374733564243167346e-03,1.044466659114113259e-02,1.058753947100570013e-03,-5.562211783867067674e-03,4.088039530269823446e-02,0.000000000000000000e+00,-1.044925591295771394e-03,-7.108273393450372131e-03,4.734277550549921901e-03,-2.229739422738835630e-02,-9.648326165630030996e-03,4.979166061986352830e-03,-2.197794865311772719e-02,5.345633234931541911e-02,-2.869035821383494195e-02,-4.049566072387628113e-03,-7.151911042327376358e-03,4.200921453776922110e-02,-9.883226458050318759e-04,4.224706103507404743e-04,-9.213341178561429206e-04,-2.195167155904131570e-02,-1.990595840157648524e-02,-3.446549979927473334e-02,-1.163616622939079269e-02,-4.283628400353029636e-03,1.270114981012865699e-02,-9.219566876499569325e-03,-4.933878954644266464e-03,-8.243332761544999721e-03,2.971616928486685641e-02,4.027004474227478294e-03,1.250338436712052428e-02,9.929319811693896811e-03,-6.551289311041723698e-03,2.726899308211398970e-04,-1.698066276955902815e-02,2.086809182988617201e-02,1.239426337361357235e-03,2.081575123609636507e-02,-2.485296482773173901e-02,3.188907596680685963e-02,-2.837147999754951327e-02,3.638174700730246319e-02,4.884388905726248092e-02,1.261238098055187697e-02,-9.505143639685294937e-03,-1.932366369642801642e-03,7.545305804335117154e-03,4.531880223329801810e-02,-3.558374505418348405e-02,-2.719662005856143122e-02,-1.016181158899719453e-02,4.146884032372791934e-02,-7.352881108793206562e-03,-7.282047993623683158e-03
-1.235844247016980833e-02,2.049398690738463841e-02,1.445436614651292827e-02,-1.773073773417891547e-02,-2.165686219505917609e-02,-2.689174054995607799e-03,1.423105053584765300e-02,-1.437541852076552884e-02,-3.366458563845975242e-03,3.632457444897791571e-02,6.825565421739768560e-03,3.085463080858845755e-02,-1.044925591295771394e-03,0.000000000000000000e+00,6.946932878905277831e-03,1.142987990903682281e-03,-1.294013668996473951e-02,9.748048233791098069e-03,-2.703593974332541006e-02,1.956337853885495304e-02,3.063912745114587624e-02,-1.591823308410704810e-02,3.026673366681561367e-02,9.107666078998724601e-03,2.643246352915696804e-02,1.574684423391805449e-02,-8.732921508218984951e-04,2.529451691057178070e-02,-1.785206950978585755e-02,-1.978173788964810234e-02,1.421489710622081751e-02,-1.595421446018700437e-02,-1.370857268957793515e-02,8.390669133705777258e-03,-1.495748003970746517e-02,5.901361215751584066e-03,-1.221630062051741157e-03,1.937223361820117340e-02,-8.776253520496619248e-03,4.537082394836531446e-02,-1.669024148358615872e-02,9.869630087606846153e-03,3.609153427171384564e-03,4.878544407680440904e-03,-3.080269775685994665e-03,-1.000576458629898191e-02,1.931096883499176103e-02,-1.401987653825558823e-02,1.905053639237429611e-02,3.025929844417966225e-02,5.375976989712448473e-02,2.017000830974870207e-03,3.489322088025906266e-02,5.880461407553159298e-02,1.489720693094874135e-02,8.015666420275253945e-02,8.902824783179318427e-03,1.344304002504402226e-02,-2.117360615977901053e-02,1.042272834068569062e-02,7.657848666110573903e-03,-2.158112264720070742e-02,-1.640728556349703091e-02
-3.534839470622521546e-02,-3.130454632811050658e-02,-2.790437693365158817e-02,1.577202062266239851e-02,3.505371115104317925e-02,-2.088577542234687501e-02,-1.431499541808169216e-03,-7.542906224742879084e-03,-5.220100708145930871e-03,5.328927401440274048e-02,1.358283517866288280e-02,-4.692631489747649612e-03,-7.108273393450372131e-03,6.946932878905277831e-03,0.000000000000000000e+00,3.301537198531951517e-02,-1.796089115298731692e-02,9.863610130655852543e-03,1.813741830943971581e-02,-1.479056453881121523e-02,4.979097714674307618e-02,-2.928989119343977654e-02,-2.310484262521300333e-02,-2.849064291290388448e-02,-4.775210061690745439e-02,3.117339000436023660e-02,-5.144065056794113605e-02,-1.274072738507531569e-02,1.474447743168719183e-02,2.472944508859715659e-02,1.914885207245566739e-02,-6.385093551136514570e-03,3.132285946269379451e-02,-2.878867057571962013e-02,-2.484358345493417955e-02,-2.819527142168751221e-02,3.305148890860504229e-03,1.069301761777862944e-03,5.335668561984726124e-03,-1.868094403686564042e-02,-2.536974082167537878e-02,-1.385298936968594116e-02,-2.037159564667292283e-02,1.509160401267936949e-02,-1.397748358814436889e-02,2.750362546566734873e-02,-4.208554315063599283e-02,-2.865044012535097884e-02,3.352540654710897683e-03,-1.123367153415111286e-02,8.904271212635644916e-02,-7.153485348643223891e-03,-1.224050282559841808e-02,-1.542005831251304707e-02,-1.050254654393723355e-02,3.653500214661314915e-02,-7.800588233260854869e-03,3.100147364788823773e-02,3.704385277212984828e-02,-1.211849594172466696e-02,-5.618891645037651233e-02,-2.814774478642742550e-02,1.216591707908074374e-02
-2.856958395333544700e-03,1.065425710795941082e-02,2.054543015053872379e-02,2.286232435037621746e-02,-9.065833728688304713e-03,1.886637474357256636e-02,1.899772074481795607e-03,3.763127183506488616e-02,-1.083267708548129281e-02,-1.978590137687415151e-02,2.038708322961717972e-02,2.003472442945533616e-03,4.734277550549921901e-03,1.142987990903682281e-03,3.301537198531951517e-02,0.000000000000000000e+00,8.706076125692328166e-03,1.828687229373760978e-02,-1.511285175559604066e-02,-2.736606250497766041e-02,-1.810139301947675389e-02,7.690200078995618541e-03,1.465665233490136190e-03,2.166537367289283339e-02,2.382311237729780456e-02,-2.994860110408270864e-03,-1.124398211809669000e-02,1.747286247066402384e-02,-8.561004262048827612e-03,-1.018200366935932341e-02,2.043818750986877222e-02,-1.662049289966709489e-02,-2.514320775869474146e-03,2.708026812255270865e-02,1.929911468970589572e-02,1.038597005213300409e-02,8.562343975425682971e-03,-1.699476441786937006e-02,-1.435340519059058115e-02,3.203709562477635719e-02,-2.968849426377076842e-03,-7.733470761816038305e-03,1.767501859935462910e-02,9.601733117046717253e-03,2.215783363538086082e-02,-5.475246247531146207e-03,8.475417502785288076e-03,6.653414270175048162e-02,5.980201196529903035e-02,-5.075366307561950292e-03,-2.084289956266746277e-02,2.672683114022147977e-02,2.879045743515797756e-03,-2.046217641676503773e-02,-1.173025974186487838e-02,2.775401116131837043e-02,1.072409458793760137e-02,-1.499409572059763954e-02,-2.718474825006323044e-03,-1.596281230730504583e-02,8.430990270027732131e-03,-6.112820383655050149e-03,-5.263168671086710868e-04
-1.622670453888505615e-02,-3.235023190854502406e-02,-2.650278546787054879e-02,-2.841757858236761049e-03,-6.668973595310897715e-03,1.039341779874138408e-02,4.518453960850905317e-03,1.255215828112185919e-02,-9.831840498514014468e-03,8.983683899946817708e-03,8.649580382372308585e-02,1.463828698009791117e-02,-2.229739422738835630e-02,-1.294013668996473951e-02,-1.796089115298731692e-02,8.706076125692328166e-03,0.000000000000000000e+00,-2.770248723842424002e-02,-1.025822940822488337e-02,-2.780908353557111704e-02,-1.951467802475392171e-02,1.298876396628587115e-02,2.397071289007220510e-02,2.071196711613050231e-02,7.825136121114179347e-03,2.794849533362833705e-02,5.428779229525162661e-03,1.281747415690484213e-02,-1.988944237333551898e-02,-2.619614898438848288e-02,-3.680177282240655601e-02,-3.386854358699242090e-02,-8.932265654504608493e-03,-4.955800280202329877e-03,-2.905900450074400121e-02,-2.574135031523657260e-02,-1.105880976511905076e-02,-1.039403869681601415e-02,1.565597561576902511e-02,-2.986540278333863537e-03,-1.244305713076491321e-02,-1.159903673899891942e-02,2.707657212141376980e-03,1.190681002305580410e-02,9.703657006541719504e-03,7.183226102507079018e-04,-2.017021738872827423e-03,1.192442641904511991e-02,-2.719567802014773855e-02,-3.345251048422914070e-02,-1.979332566557849213e-02,-2.364211776239485280e-02,1.819167219622019188e-02,-1.592623551584504416e-02,8.390932943955094897e-03,1.132767246451561217e-02,4.212654993393276370e-02,-2.610089239829496699e-02,-2.247468840221885505e-02,-1.941271399953717336e-02,7.911077401737617865e-03,-3.621809467695306928e-02,-1.360725409443906166e-02
1.322275744835725922e-02,-3.843756280453884677e-02,-5.338752566660589366e-02,-4.366712728626657297e-03,-1.811320019534485778e-02,2.078351336405170890e-02,-7.519439210531259250e-03,-7.644018877435506884e-03,-1.964418830183144171e-02,3.414466020900534110e-02,1.220375099558050486e-01,-3.580910462116393411e-03,-9.648326165630030996e-03,9.748048233791098069e-03,9.863610130655852543e-03,1.828687229373760978e-02,-2.770248723842424002e-02,0.000000000000000000e+00,-1.679758931559763302e-03,-1.538134234110309119e-02,4.797339837318975037e-02,-2.835626777592711173e-02,4.837538024643377177e-02,-1.665913665123914394e-02,1.695209862828896824e-02,2.491535954837673095e-02,4.922655948761271022e-02,-3.659818244709767826e-02,-3.213830876689584282e-02,-3.154040873037013137e-02,-3.523591390521745026e-02,-5.823073186931518666e-03,-1.349214297421062227e-02,-2.264843710929960799e-02,-2.596867078882177798e-02,-4.609928703837223862e-02,-1.283554555383238649e-02,-2.841120384504410706e-02,4.008062065671400345e-03,3.703937872060862786e-03,1.669313035452509378e-02,-1.555219904492844904e-02,7.574881372647628355e-03,2.349886344389794449e-02,2.359632006390397635e-02,2.269710418215500208e-02,-2.692894435003776940e-02,-2.053925695753651762e-02,2.675443336167459413e-02,-6.584294053082860240e-03,3.806994551932518095e-02,1.381919389272447986e-02,2.407373534803214712e-02,-4.302017788517353142e-02,-2.532522203443719061e-02,1.750632242081379911e-03,1.511054338140913611e-01,-4.103603897983114368e-02,-1.848685165855598611e-02,-2.240176814923699328e-02,-3.792925226254695477e-03,1.933201016085796167e-03,-3.120534957387708849e-02
4.055757026472308485e-02,-7.677429719046741097e-02,-4.144317921357720813e-02,7.284258820053211847e-02,7.145049009118452366e-02,-2.045896450644321338e-02,-1.330200522443773445e-02,2.099008509870186473e-02,2.038468761461116260e-02,1.730794164626050374e-02,2.815791927571389963e-02,-2.839699564570350582e-02,4.979166061986352830e-03,-2.703593974332541006e-02,1.813741830943971581e-02,-1.511285175559604066e-02,-1.025822940822488337e-02,-1.679758931559763302e-03,0.000000000000000000e+00,-1.396953481579643087e-02,5.363194297243568942e-02,-6.632142169926082478e-03,-2.258668603540162773e-02,2.489487219230139894e-02,-6.884848042910202137e-02,-2.360104745283024205e-02,-3.350685661071036575e-02,-4.410963998241874962e-02,5.249853774783379279e-02,2.871068745453479037e-02,-4.236866021466246385e-02,5.870418879081899799e-03,2.331444942784973232e-02,-2.334293748145285785e-02,-2.698429194540239925e-02,2.920012419633422063e-02,-1.540384418217877194e-02,-6.697387427591108833e-02,-1.189693035570403221e-02,-1.317015778783405325e-02,-1.872022816972251230e-02,9.831577162912663592e-03,-4.234770572133802341e-02,4.853773606235802646e-02,-3.244879379081864329e-02,7.666216081379633937e-03,-9.118356786684909954e-02,-1.997491666684355141e-02,3.797737897163148968e-02,9.802010906467817025e-06,6.089515902745934461e-02,-3.200762861718717961e-02,-1.732992839337416015e-03,2.370897115083205400e-02,4.748001173431866395e-02,-8.258162680327595789e-03,-2.628265728451651892e-02,1.667848819063180764e-03,-6.136891015130060620e-03,1.233096291102143797e-02,-8.157372262161484422e-02,-1.870804547439988350e-02,5.039589828853341391e-02
-3.896443300918874669e-02,2.045657387483367992e-02,1.003508320779660304e-02,-2.344432191196564944e-02,-1.080177435613096856e-02,3.498484920679227617e-02,1.501813220157909370e-02,-1.819765755243221705e-02,-2.116726522117814285e-02,-1.393019926015253741e-02,6.899831219313042052e-02,1.068869280517400523e-02,-2.197794865311772719e-02,1.956337853885495304e-02,-1.479056453881121523e-02,-2.736606250497766041e-02,-2.780908353557111704e-02,-1.538134234110309119e-02,-1.396953481579643087e-02,0.000000000000000000e+00,7.302110197156586047e-02,2.626184021959958315e-03,8.663036143485610806e-04,-8.154660222922860066e-03,-4.132007199542066245e-02,4.035924925714173481e-03,6.733991875546766100e-03,-1.388118511982268724e-02,-6.281415151039873579e-03,-1.024086917102987916e-02,-3.466177039852080810e-03,1.016010610268815520e-02,3.644212080776811080e-02,-8.285379283747899143e-03,8.311993099355460823e-02,-2.077994920992713712e-02,-1.643638523089085285e-02,-5.337413620869864428e-02,1.929540042921740195e-02,3.466235510753876928e-03,-1.860227345856439382e-02,4.594310026419059362e-02,-2.045250533082085612e-02,-8.249667562843955929e-03,8.418019873020626820e-04,-1.307759550685052771e-02,-5.951523277022450348e-02,-2.780402979998421349e-03,1.625093919228264364e-02,-4.433403052104782638e-02,1.269972969284799968e-01,-4.995663543666455098e-02,7.998336485530239265e-03,-3.611370792667663310e-03,4.011218849441572191e-03,2.168898733392372880e-02,6.729668810436613413e-02,5.202380760075626942e-03,-1.117363243278288176e-02,-7.968742655305501715e-03,-5.096722650839056838e-03,-7.379428086459571649e-03,-4.982369012168588567e-03
5.193536528491991128e-02,1.053523799708978304e-01,-1.993487970142255108e-02,7.145264643535621796e-02,2.788358784681522345e-02,4.785646201350136908e-02,2.584379925786708943e-02,4.908414030291999991e-02,4.434675210117862247e-03,2.734182060030934582e-03,8.766632359534695662e-02,2.096915297341163387e-02,5.345633234931541911e-02,3.063912745114587624e-02,4.979097714674307618e-02,-1.810139301947675389e-02,-1.951467802475392171e-02,4.797339837318975037e-02,5.363194297243568942e-02,7.302110197156586047e-02,0.000000000000000000e+00,4.493414324392919906e-02,7.195043798476434549e-02,4.943366176625028918e-02,1.404334038454376210e-01,9.869281724769256303e-02,2.932904415370756260e-02,6.152450666318363265e-02,2.034133987272152694e-02,2.342620880119466314e-02,9.444082085382532465e-02,3.050185353984531320e-02,2.585526436496554496e-03,2.841387491463848256e-03,1.024846677891934899e-01,1.231320509427686651e-02,3.768393788017758428e-02,1.195348864147370571e-01,1.344455567591956724e-02,-8.807348636004233219e-03,4.590466722413053674e-02,2.743767521753027322e-02,4.315904972356658653e-02,1.997683947617245187e-02,-5.950158252465728541e-03,5.392255391923572727e-02,4.853847917103021326e-02,1.448786920689149136e-03,1.221708557928060657e-01,1.000257198298348804e-01,6.581349895974744624e-02,-1.654616619306238309e-02,1.362831099036390381e-01,1.618621722631243820e-01,6.455311781680275751e-02,5.494860172826536437e-02,1.163620370697898282e-01,4.431171902808599128e-02,4.038220263840607005e-02,1.291225330606800628e-02,5.808611919609354274e-02,2.028653855905917028e-02,2.077218036903995951e-02
4.032183460002535663e-02,4.468254234291865051e-02,1.711222901340856556e-02,9.198359584406320955e-02,-1.404598015570295878e-02,1.299140722515567704e-02,-2.238193874379386036e-02,1.572235057429011498e-02,2.237597237883880846e-02,1.375145538740727216e-02,-2.487376245820632076e-02,-1.451306498169734407e-02,-2.869035821383494195e-02,-1.591823308410704810e-02,-2.928989119343977654e-02,7.690200078995618541e-03,1.298876396628587115e-02,-2.835626777592711173e-02,-6.632142169926082478e-03,2.626184021959958315e-03,4.493414324392919906e-02,0.000000000000000000e+00,3.559673520504301469e-02,-1.789687518193337420e-02,-6.226087089444298783e-02,-3.457341965865542294e-02,-4.235248543264402699e-03,-4.832903584974968664e-02,-6.740362154582299481e-02,-7.510700421771794588e-02,1.442163458607433404e-02,-5.529291701085221888e-02,-4.095486896924122044e-02,-8.762612214971458521e-03,1.273991696560588562e-02,-9.417015393643743187e-04,6.993971445832937450e-02,4.041461078512233879e-02,-7.956306872504398386e-03,4.282049609171867909e-03,3.037070857171438737e-02,-1.640938954632474925e-02,-3.201472779936202773e-02,-4.664466145736875617e-03,-1.679472473982571851e-02,-1.811846418168755034e-03,1.012817632427967379e-01,-3.088467832224033732e-02,2.618498294579015701e-02,-1.464872922305686387e-02,-1.188263533531606908e-02,7.611506310108943907e-02,-4.060906574060753338e-02,-2.115403274229262290e-02,-4.381924248662747573e-02,-1.436595190085744080e-02,8.753078891323737287e-02,4.690323601265759812e-02,-7.107078447393647136e-02,-6.501082559092699609e-02,1.440215753669879528e-02,-6.204485806588977415e-02,-6.044668658321161736e-02
-3.781383675907803305e-02,-4.020644875475880287e-02,-2.948289009189668589e-02,4.073787513679748978e-02,-4.913934539099865453e-03,1.089433011910502166e-02,-2.058931561698715620e-02,-3.563786576467016520e-02,-1.597505872019868572e-02,-1.673408872102361347e-02,5.792641511457976428e-02,2.036735221029227147e-02,-4.049566072387628113e-03,3.026673366681561367e-02,-2.310484262521300333e-02,1.465665233490136190e-03,2.397071289007220510e-02,4.837538024643377177e-02,-2.258668603540162773e-02,8.663036143485610806e-04,7.195043798476434549e-02,3.559673520504301469e-02,0.000000000000000000e+00,4.386560108398415529e-03,-3.140592391651859244e-02,-6.771215356746965175e-02,-3.367982856021389804e-02,-7.776077954398846574e-03,-9.992964003345070761e-03,-7.764098027073712723e-03,-5.470289077862740268e-03,6.317785253195601358e-02,9.166415374138037198e-02,-2.457757822899877403e-02,2.695447804771487852e-03,-1.723698502239624092e-02,-1.759107566122045802e-02,-6.511076591168271643e-02,-2.911848388528622336e-02,-6.845769102692485404e-03,-2.949247720232862219e-02,3.205250909603668541e-02,-5.389894113261098525e-03,3.230692454085862947e-02,-1.537595433068886198e-03,2.483068276958390417e-03,-7.576811665472057977e-02,3.443515490647543892e-02,2.811341622947587798e-02,3.529636903558165673e-02,7.545406115235724076e-02,-2.283259341381267682e-02,1.774374160278697349e-02,6.771341211757116174e-02,7.671989973342813185e-02,5.015783293789799480e-02,6.621824217553712137e-03,7.608339492833117619e-03,-1.283408368204671038e-02,-1.836926060832727234e-02,-4.197003803700743996e-02,4.321086147023778246e-02,-1.478968051940906039e-02
1.023406554189681544e-01,3.143503678142449409e-02,-3.341288317349522252e-02,1.076011994966580287e-01,7.019557886721287943e-02,-9.468710747553069768e-03,-1.614253272497259348e-02,9.860468013524634201e-02,-3.471053449230398959e-03,7.317237612263799429e-02,4.892888250510968318e-02,-2.353456841414390717e-03,-7.151911042327376358e-03,9.107666078998724601e-03,-2.849064291290388448e-02,2.166537367289283339e-02,2.071196711613050231e-02,-1.665913665123914394e-02,2.489487219230139894e-02,-8.154660222922860066e-03,4.943366176625028918e-02,-1.789687518193337420e-02,4.386560108398415529e-03,0.000000000000000000e+00,2.626911373123993945e-03,3.205382792716586493e-02,-1.469483818627243844e-02,-4.135569455604758138e-02,1.820078861301217127e-02,9.193107511681185978e-03,-1.649756536901171577e-03,-4.341181846476693806e-03,1.481190208483000939e-02,-1.053568919155835164e-02,2.640441556238437570e-02,1.619315256533247066e-02,3.039869811705463512e-02,1.669005322133124830e-02,2.758380701821347425e-02,-1.715890306396028811e-02,3.871801907026591050e-02,4.331761125310205907e-02,-1.586461445259858966e-02,8.207677216610437254e-02,-8.366274825493916212e-03,7.352893269127506841e-03,4.328449190383366896e-02,-2.905336152777824796e-02,7.179114405244717279e-02,-3.019058557218152680e-02,4.116332746907561818e-02,5.769398146803683680e-02,7.736913059923450527e-03,-7.749399463663764198e-04,-9.258261323325576650e-03,1.910055970574772027e-02,3.639892668858386859e-02,9.238699789459464684e-02,8.327734866884943868e-03,9.149184054346190184e-03,-2.130009161487364695e-03,-9.530851120138043517e-03,3.651067837143030098e-02
