0.000000000000000000e+00,2.472241347696899419e-02,-5.429083133251992599e-02,-5.088307984721710669e-02,4.609003430285767144e-02,-1.595666722161184726e-03,-1.745575561731737765e-02,-6.054293079974530645e-02,-5.963709920607111054e-02,1.285565846958237890e-01,2.011361687087715455e-01,-3.330390671905113231e-02,-6.990576893406821694e-03,6.820712942622457475e-02,-3.643301438580982821e-02,-8.669399003418930272e-02,-5.055234176867864221e-02,-1.967833711603026586e-02,-4.397889361497716448e-02,-7.714325951582093333e-02,-4.071621674433197058e-02,-8.214584711231950886e-02,-9.102957068492527337e-02,-7.542584933509328959e-02,-6.845929597588054638e-02,5.901838746309484227e-03,-5.801060795340331339e-02,-9.930445066053976422e-02,-8.663979411731685676e-02,-5.887332008959924451e-02,-4.412121101974682269e-02,8.152541442609078856e-03,-5.853791064286389956e-02,-3.944987722709712707e-02,-1.949586412806932414e-02,-4.588256954282530359e-02,-5.765195480097763669e-02,-3.526954123298217669e-02,8.387545908348266466e-02,9.828062614996480040e-02,1.055279500770378853e-01,-1.343888978536948373e-02,-1.677266566011705040e-02,1.761464427687486345e-01,-3.483138001255280808e-02,3.841046119741044901e-02,-4.256732820631466824e-02,1.679177493790769832e-02,9.030501876265912067e-03,-7.768525118583749500e-02,-6.662221812287820455e-02,-9.064743028204770223e-03,4.157389301941795401e-02,-8.740243680490597522e-02,-5.419524473306289343e-03,-9.815366305858377882e-02,-6.989618672921295295e-02,-3.166053036690751055e-02,1.450957106411582820e-01,-6.729501123991456224e-02,-2.231774789794294112e-02,1.256526138051414221e-01,-2.203933915336995369e-02
2.472241347696899419e-02,0.000000000000000000e+00,7.849128565285323766e-02,6.228920647325146553e-02,5.225682553450217149e-02,-6.189561643600520469e-02,-2.066920599849782908e-02,1.997511017836753333e-02,-9.409769664031533004e-03,7.236437500500997495e-03,5.740776027737880954e-03,5.978707400436767717e-03,3.134558745272934821e-02,3.252420652037522897e-02,1.034822325686644423e-01,3.660201219090798014e-02,7.905328421055182742e-02,4.530609921911602292e-03,1.083618617293333058e-01,1.105208505956701420e-01,8.829015296356838849e-02,-1.842260858786409772e-02,1.127304731497040802e-01,5.238246167053865754e-02,5.788486450922449011e-02,-1.879424972543452393e-02,9.282696450735869464e-02,1.079174435908763635e-01,7.201763859910650933e-02,9.657478275355776964e-02,4.366935352541452542e-02,3.247353636635441632e-02,8.623360832294402201e-02,-2.219910651419171321e-02,8.856612597049395852e-02,7.892426722297592179e-02,-3.410397604983857883e-02,-1.218768779203488473e-03,1.815789976229221364e-02,1.026080061211974009e-01,3.027926301466042462e-03,-3.466654407568074692e-02,7.504285951747522235e-03,8.470536903734570550e-03,2.832195937250137074e-02,3.986400883055154359e-02,-3.003989961786949874e-03,1.094520539667771103e-01,4.448303602662113942e-02,8.453140062102890151e-02,1.105955170084610834e-01,-1.314761703008105256e-02,1.121536505476013537e-02,-8.868501598611388745e-03,4.926502425795727114e-02,1.198967357559272973e-01,9.192385696928676020e-02,2.298935418147937670e-02,7.602601729424876553e-02,8.491759267025392188e-02,-9.741673483201439970e-03,4.198036094085283443e-02,6.354793491777774306e-02
-5.429083133251992599e-02,7.849128565285323766e-02,0.000000000000000000e+00,-5.486223888244358415e-02,5.214294181980583254e-02,1.924649341853148024e-02,1.454159441009529874e-01,2.129246418109363020e-02,-3.955666831791542631e-02,5.795815852845011967e-02,6.221827375365318602e-02,1.350490045108240778e-02,-1.196910641396443584e-02,-7.206638436354530219e-03,2.885259845635447171e-02,5.596968922784491957e-02,4.626447192074863157e-02,3.572076829575396295e-02,9.228398568152564041e-02,1.233109343070165898e-01,4.594987629056784817e-02,5.589446811494402922e-02,1.180623727938736878e-01,3.716354216381051456e-02,4.520137545587524924e-02,-1.546375206443544904e-02,2.886740956401200736e-02,8.162580273216749061e-02,-1.646752740075064711e-02,1.149722275590896181e-01,1.667957633654668648e-01,-4.399610502476018759e-02,-2.727931834867527300e-02,-5.111816813024250283e-02,3.284340130478329012e-02,-5.822664968057743307e-02,-7.917925723400633109e-02,2.029504063315307541e-02,5.432608759192323472e-02,-1.337907766581825433e-02,1.027562741350481756e-01,3.790810497360490999e-02,-8.064004393477250615e-04,1.578407364229524740e-02,6.611929993874457456e-02,6.432228119599897598e-03,1.303999311360572455e-01,7.308311779405246567e-02,-1.105285949438940957e-02,9.883634558852386065e-02,8.259452202189229708e-02,-1.676455569019193528e-02,3.905662961125574376e-03,2.929513437607803028e-02,9.305780229565333017e-02,1.164064109315315620e-01,1.610772218113287191e-01,1.249181974451470251e-01,8.731549159346020661e-02,1.539845788315042652e-01,6.029355813632610722e-02,1.219668271883208172e-01,2.970577601171906380e-03
-5.088307984721710669e-02,6.228920647325146553e-02,-5.486223888244358415e-02,0.000000000000000000e+00,-2.637291008054980929e-02,2.586083362825558618e-02,-2.674913006074316341e-02,5.511731513247097869e-02,-3.548105205760584968e-02,6.342178722304847582e-02,9.722673753232055627e-02,-2.246543196191400776e-02,4.972247592022040197e-02,1.314135057421794185e-02,-6.104257770016180244e-03,-7.375269468246919806e-03,2.697413940939648661e-02,-2.162204144141495130e-02,1.013958264792992961e-02,-2.565763958089766275e-02,-4.591275309513070946e-02,5.836348746890455963e-02,6.172262608779987766e-03,-2.347607141642899659e-02,-1.808937193335361003e-03,-2.869047973176886736e-03,-1.589905675412292465e-03,-1.451417518445153113e-02,-4.008092580822170126e-02,-2.303967820051204193e-02,-6.922153205385500607e-04,1.702437234469387009e-02,-8.548931540025117570e-03,1.274722942663920021e-02,-8.302599912218516353e-04,-4.468814987255559368e-02,-5.130524694430267652e-02,6.550231415131146581e-03,6.112540970087067954e-02,-2.443689248754140481e-02,-5.947218435723200351e-03,3.822841996130729031e-02,1.350958906765597697e-02,8.436128439773903087e-02,-7.337470928273470260e-04,-8.379322179345883442e-03,3.615231244411177408e-02,1.799295076476135988e-03,-3.153232772962573371e-02,-3.561034407241366051e-02,-4.486558568272580594e-02,1.777466964925412951e-02,-5.344780260697484797e-04,5.511146646202810633e-03,-2.103557770986312289e-02,-6.732360579186866603e-03,-2.027994561435975118e-02,-2.085754094695677768e-02,5.426572538617931846e-02,-6.236803402685733681e-03,-2.050590584773321137e-02,3.861458732419422585e-02,-3.907743875865120342e-02
4.609003430285767144e-02,5.225682553450217149e-02,5.214294181980583254e-02,-2.637291008054980929e-02,0.000000000000000000e+00,5.432332355474686798e-03,2.081531610255537082e-02,2.149349385193285306e-02,-2.288615231864816330e-02,6.388039043477009016e-02,5.700353209681434385e-02,-2.571753316961057287e-02,-8.688388380992015728e-03,1.445081531197448810e-01,5.665337259791367736e-02,-6.169196789791033669e-02,-4.681602322125744814e-02,9.489222307351960137e-03,-2.407236929158629302e-02,-2.603382951166495138e-02,6.200089440147712322e-02,-2.237048434596026342e-02,-3.982281969790273796e-02,5.168521513250473945e-03,-9.040114946943572302e-03,3.841834643161693569e-02,-2.357094143549669923e-02,-3.234144713701928020e-02,6.262557431594732715e-02,-3.016005083904827952e-02,-2.026399785630489739e-02,-2.580670089667719269e-02,3.369495856443612686e-02,-2.765449803592379130e-02,8.402198605511490559e-02,1.107724809146075629e-01,-3.998963952068584904e-02,-2.246558570962619086e-02,8.376067336840317679e-02,-1.008037041417345937e-02,1.076054149897106987e-01,2.086166450583804011e-02,-1.300121907311322864e-03,1.799537239129224975e-01,5.243916685291456770e-02,2.480838310331687398e-03,1.303542468758535702e-02,-1.271977948705568795e-02,9.965673541054423379e-02,-2.602291800377341119e-02,8.428129788986471124e-03,3.649828798241755434e-02,-2.219873346491957333e-02,-3.982780026556771019e-02,1.867481830952396477e-02,-3.660237519260864381e-02,-5.126756181267142637e-02,-4.674840121142345706e-03,6.512891746863259945e-02,-3.264152595918676930e-02,-5.710620612968421266e-03,2.438304440648126833e-02,5.474813969269207853e-02
-1.595666722161184726e-03,-6.189561643600520469e-02,1.924649341853148024e-02,2.586083362825558618e-02,5.432332355474686798e-03,0.000000000000000000e+00,3.184496003991502209e-03,1.262411300819363778e-02,6.530646666947857726e-02,3.976835683018640349e-02,4.061640347490335506e-02,2.141688131493786965e-02,-6.031900772401534855e-03,7.176974728509515067e-02,1.536582622274099141e-02,2.558536252943863221e-02,1.506618548432037998e-02,-5.939234979465487715e-03,-7.144717094277696842e-03,9.646877812151333914e-03,2.660620091300253814e-02,-5.402095876829095429e-03,7.836129143513123965e-03,2.105318591991653387e-02,6.741622340702880037e-03,-3.399639372521780917e-02,1.263684803805702282e-03,7.483377890073038101e-03,4.390502818081214870e-02,-6.767311415279669840e-03,-2.683255833231276786e-03,-9.759049542454156789e-03,8.209965207701458087e-03,8.452369601291503942e-03,-5.314230868167152400e-03,2.596556937134878590e-02,1.024168318929016275e-01,-1.542665499215438961e-02,2.635985008777539523e-02,3.769594487421353002e-02,3.232887107028555723e-02,2.361135585382577451e-02,2.143936124033134910e-02,3.979720807265538923e-02,2.485878768015294810e-02,1.377701560414522006e-02,-1.985412505937016875e-02,5.483292180266795268e-03,2.284618120700807747e-02,5.442726701843268559e-03,2.146534643486982391e-02,1.897990942758321850e-02,-6.804329988011753594e-03,2.009088252118811091e-02,1.845256550895158637e-02,1.068365112507160472e-02,-9.458663331804235963e-03,5.776714059744975961e-03,-1.245259027905852925e-02,2.606124489520750351e-03,-3.524934383480046729e-02,2.227017816123420466e-02,-1.749022274167901653e-02
-1.745575561731737765e-02,-2.066920599849782908e-02,1.454159441009529874e-01,-2.674913006074316341e-02,2.081531610255537082e-02,3.184496003991502209e-03,0.000000000000000000e+00,5.413135086974696364e-02,-3.824987099027419429e-02,4.904029424294854139e-02,3.206985916671779846e-02,7.993328653045498819e-03,3.940863213692237695e-03,-6.259779303785904456e-03,-4.493867517281621531e-03,1.726786725653378706e-04,-1.058547285759295353e-02,3.859919667480009916e-03,4.029943969312325090e-03,-7.759088616116155629e-04,2.264059166249239759e-03,-1.219956092759595136e-02,-1.146232744618161901e-02,-7.704083549553574981e-03,5.281504714305998265e-03,-3.418203394241456188e-03,-2.210309654342404798e-02,-8.323364449434184076e-04,7.304893123392322205e-03,-4.617493898966764168e-03,-4.285798560370654778e-03,-2.703136038744190922e-02,6.533548061792868178e-02,1.483601106860936714e-01,1.080096398688673298e-01,4.035833681206221768e-02,1.749030033129137657e-02,-2.655014463937937358e-02,6.125798210096573826e-02,-2.685319602105765147e-02,1.185300329695826715e-01,7.328138528289973586e-02,-1.927694157279953927e-02,7.663458692264614285e-03,-1.467417116653790821e-02,3.123509672309222537e-02,-5.596282702958874436e-03,2.804155381631622326e-02,-6.153731776721356461e-03,-1.631740806238508520e-02,3.048691548935472673e-03,-1.992433685185798081e-02,-1.794984925034169912e-02,1.286398625183718392e-03,4.729482814122181605e-02,-7.413843746266179750e-03,-1.406215477265511729e-02,-2.778008216178424333e-02,-2.918326637572487420e-02,9.841967466662354669e-03,-1.006238956179459840e-02,-3.393831637626062991e-03,-2.386905187550986823e-02
-6.054293079974530645e-02,1.997511017836753333e-02,2.129246418109363020e-02,5.511731513247097869e-02,2.149349385193285306e-02,1.262411300819363778e-02,5.413135086974696364e-02,0.000000000000000000e+00,-3.384377888135138568e-02,8.686657740107431303e-02,6.699396210482536085e-02,-4.863167330555433557e-03,4.296526540500542751e-02,1.726100899711259431e-03,5.373664968783403717e-02,3.579714119675272282e-02,9.077885362797682989e-02,-1.568041298444101603e-02,4.487612729808100609e-02,3.961786307169409133e-02,4.176861207472651501e-03,6.530469301795124859e-02,8.811735218527898261e-02,1.995894160395430411e-02,1.850026203066911651e-02,-7.537988863235237438e-03,2.444973401406465990e-02,6.143360521067372376e-02,3.354035541784568947e-02,5.758869088002122050e-02,1.027270817854724905e-01,4.489421902270999271e-02,7.125791757394817245e-03,4.058034942316111199e-02,-1.842480381914549104e-02,9.732072557217225084e-03,-1.374590871649674674e-02,-4.438816500674368226e-02,2.067813358003249211e-02,6.883249838114013919e-02,3.667349524383528656e-03,5.562201151429437690e-02,-1.173467624638205482e-02,2.205474978023826485e-02,1.081662311769808135e-02,2.320718029960396403e-02,4.552049169339541373e-02,5.384438824039990829e-02,-3.847824593959856682e-03,8.390466549394548154e-03,2.874457363263027698e-02,-3.047922472741313935e-02,2.750153442187444727e-04,8.811374139904440753e-03,2.743725970789683347e-02,7.221412873105170771e-02,9.468924477740722767e-02,4.445683899312140308e-02,8.674167273800562072e-02,6.085019706836210934e-02,1.487513667334258195e-02,1.314115021988137844e-01,4.190382277885853352e-02
-5.963709920607111054e-02,-9.409769664031533004e-03,-3.955666831791542631e-02,-3.548105205760584968e-02,-2.288615231864816330e-02,6.530646666947857726e-02,-3.824987099027419429e-02,-3.384377888135138568e-02,0.000000000000000000e+00,7.984808874664398037e-02,1.462021691209493268e-01,-1.034692274284860700e-02,4.467547173556487422e-02,1.544971508836914809e-01,6.228499131335885064e-02,1.110191608542017514e-03,4.749885054062458895e-02,-3.398328795812399859e-03,-3.411441391040896578e-03,-1.304185843022908839e-02,-1.692041362313318614e-02,-2.301234490811356753e-02,-2.146729556655221222e-02,-2.033182897486476761e-03,2.204955819262538821e-02,3.664091575288316166e-02,1.513046295705736035e-03,-2.459243608455023017e-02,-1.396703807464879168e-02,-2.330063694720255901e-02,-1.950544519127018345e-02,-3.659723906703547802e-02,1.193506588998500539e-01,2.043855653187059800e-03,-4.262444774569405792e-03,1.338411713815248170e-02,1.514239005512960645e-01,-9.772338704901182768e-03,-1.606383751783742667e-02,-1.322675922967017290e-02,4.660619740067134531e-01,1.407362431718800211e-01,-5.617211539868749090e-03,7.409111553642630348e-03,-1.016006094121975345e-02,1.747571814881024310e-01,-7.011797188309266786e-03,1.534276702573015849e-01,5.233999089720240555e-02,-2.648160887676962588e-02,-1.467212520042223203e-02,-4.900887636338689679e-03,2.303727081245401584e-02,-7.803883767014275618e-04,9.025208147475008436e-02,-2.045993278415930705e-02,-3.429927552079283654e-02,-1.910080603581683703e-02,2.846137980389654848e-02,-1.198881316907742314e-02,-2.246907166953899387e-02,-4.054618389540254331e-02,-3.226062269968925367e-02
1.285565846958237890e-01,7.236437500500997495e-03,5.795815852845011967e-02,6.342178722304847582e-02,6.388039043477009016e-02,3.976835683018640349e-02,4.904029424294854139e-02,8.686657740107431303e-02,7.984808874664398037e-02,0.000000000000000000e+00,1.550226701756956225e-02,-6.772881050789299542e-03,5.493442661536880600e-02,7.022351683895938779e-02,5.555668430241327005e-02,1.573210616451732602e-02,-2.631868678995578827e-03,1.319220708864107805e-02,4.124743767941526501e-02,1.364475639511784633e-01,1.538504629701190063e-01,-4.685405669317748920e-03,1.051529152637477038e-01,1.079961302416071051e-01,9.474766873401645195e-02,-9.376673480615245818e-03,1.452133468321045451e-01,1.371827577683168431e-01,1.226946706253100733e-01,7.680675701573755343e-02,9.821795687326093094e-02,8.998315192351294184e-04,1.021273994796478152e-02,-7.611696839375274408e-03,2.194274857447907345e-02,1.278911501448053989e-01,5.214782678671038910e-03,1.158945745182780353e-02,7.295144269741891951e-02,7.589636110577406558e-02,-7.577426691243924033e-03,2.478304134703761957e-02,-8.643866122513175002e-03,1.349258442665029478e-01,8.801318557890766558e-02,1.779085021679733744e-02,-1.352850730727007088e-02,6.344034147415530955e-02,1.101311934102807422e-01,1.214837876487647461e-01,1.674012790596917655e-01,3.692809235174281113e-02,-3.217418492907395122e-02,1.601747862765846506e-02,6.128324999520466665e-02,1.262936492669240462e-01,1.197700697472730696e-01,1.012628710912389235e-01,-1.386547465131775757e-02,9.401511076288025792e-02,1.837652022622756134e-02,6.253626869015012704e-03,8.040482888174448062e-02
2.011361687087715455e-01,5.740776027737880954e-03,6.221827375365318602e-02,9.722673753232055627e-02,5.700353209681434385e-02,4.061640347490335506e-02,3.206985916671779846e-02,6.699396210482536085e-02,1.462021691209493268e-01,1.550226701756956225e-02,0.000000000000000000e+00,2.128949555123316184e-02,4.014829612944444126e-02,9.411476061236678792e-02,2.812800348015591454e-03,-1.151260160894320740e-02,-1.964139312302668264e-02,3.026214081859558355e-02,-1.535637514171577303e-02,6.804405850868930350e-02,1.406859073304861929e-01,3.153139569506716727e-02,9.819954261457716771e-02,1.575470773218090037e-01,3.486504056863394541e-02,1.299834241332571347e-02,1.148858446486861196e-01,1.046407702446005422e-01,1.662058758377046863e-01,2.412526535545343742e-02,7.004647855633783227e-02,5.431813496530139840e-02,1.492877349596205810e-03,1.396147636818941273e-01,2.270949033820728394e-02,1.155192035087716229e-01,9.014527493008415993e-02,1.160446542293217531e-01,3.113314515757352810e-02,7.644125555051625720e-02,-9.625803554862349259e-03,3.989433802434651927e-02,5.782332758832240543e-02,1.405510030758734263e-01,7.168974132670560828e-02,3.179901945644776629e-02,-5.906080744444320175e-04,1.122343355782152025e-01,1.213101676147427394e-01,1.184452407758449233e-01,1.173132760276587722e-01,9.201031177115301385e-02,1.044215305853607792e-02,9.035479424018025285e-02,-6.106526873395260596e-02,9.738510137548836432e-02,7.872707609834508902e-02,5.909206613752149284e-02,3.559155943717884352e-02,3.594409756758079610e-02,3.178645250689147994e-02,3.698776955037839931e-02,5.992836858610457729e-02
-3.330390671905113231e-02,5.978707400436767717e-03,1.350490045108240778e-02,-2.246543196191400776e-02,-2.571753316961057287e-02,2.141688131493786965e-02,7.993328653045498819e-03,-4.863167330555433557e-03,-1.034692274284860700e-02,-6.772881050789299542e-03,2.128949555123316184e-02,0.000000000000000000e+00,2.545681663566257136e-02,5.125954916091299968e-02,8.042591366205917303e-02,1.216805415128796863e-01,1.111045369376078285e-01,-1.320995214435380719e-02,1.749729525210937109e-02,2.114782502208212983e-02,9.999376890847691546e-03,1.081223943392712640e-02,2.800803853027590204e-02,2.680588476403121881e-02,1.585898048101370278e-02,1.275412057681835597e-02,7.356646343995171429e-03,1.813212306772993276e-02,4.184639651240869285e-02,5.081698813892811598e-03,1.026076192654060658e-02,-1.722989888592144081e-02,9.670871721076382266e-02,5.721370473617413965e-02,4.959673864095156398e-02,3.057951197517342484e-02,-3.301560791799709824e-03,-2.056937187832468678e-02,5.299609613111062878e-02,-2.686551349048807349e-03,7.567944075863053399e-02,8.371727152379757064e-02,-5.203295423537522904e-03,1.100048832339821023e-02,5.286752979800821844e-02,5.980382125182669151e-02,-1.497937002196174372e-02,2.120590101370829067e-02,5.051428311434054061e-03,-2.405856432859794448e-04,2.368274510935691052e-02,-1.122147061006531846e-03,-1.783713664670357607e-02,2.354834258992642010e-02,2.579995176355079269e-03,2.652529198672639449e-02,1.704622039297418179e-02,6.523285790553659189e-03,7.515852651453993130e-03,1.744424140110565485e-02,-1.469660234512115173e-02,-2.770396959151866234e-02,-2.630775333563997037e-02
-6.990576893406821694e-03,3.134558745272934821e-02,-1.196910641396443584e-02,4.972247592022040197e-02,-8.688388380992015728e-03,-6.031900772401534855e-03,3.940863213692237695e-03,4.296526540500542751e-02,4.467547173556487422e-02,5.493442661536880600e-02,4.014829612944444126e-02,2.545681663566257136e-02,0.000000000000000000e+00,4.574856531828527112e-02,1.127151740105997196e-04,-2.855431876601837587e-02,6.067646400502821336e-03,1.688467087964904551e-02,1.897040987229496514e-03,6.446183867059393328e-03,3.223725895534854807e-02,3.195959269810298015e-02,5.897097419061440512e-03,7.026125523413835963e-03,-3.783875061143165963e-03,5.532607802827960164e-02,-1.719570621703074911e-02,-1.446449297061813775e-03,-2.142575709463361358e-02,-5.998590914323283577e-03,2.938381230742034139e-02,3.817425151605401135e-02,-6.595433520512078256e-03,-4.851565873601019346e-02,-7.293796086262314688e-05,-6.668058395817216821e-03,2.046506646287255329e-02,5.322592545853566115e-02,6.177894546823083088e-02,3.071073728129452077e-02,6.178051557302813648e-03,6.151039924636940437e-02,4.242873244161813467e-02,8.165207652875379474e-02,3.566281386420375871e-02,4.053935991431011077e-02,7.237558248303196939e-02,7.500113392760791864e-02,-4.675502401996778530e-03,4.467707507183485763e-03,8.100357330471697620e-03,3.445103293589478477e-02,4.762847054114857301e-03,2.386099391975531753e-02,-3.731151792726683600e-03,1.522229180109788138e-03,7.929405314646836844e-03,2.390522469759070318e-02,1.202703312407574741e-02,4.005386534881619567e-03,1.262255806788375491e-02,3.097128566708444788e-02,-8.064077782931233090e-03
6.820712942622457475e-02,3.252420652037522897e-02,-7.206638436354530219e-03,1.314135057421794185e-02,1.445081531197448810e-01,7.176974728509515067e-02,-6.259779303785904456e-03,1.726100899711259431e-03,1.544971508836914809e-01,7.022351683895938779e-02,9.411476061236678792e-02,5.125954916091299968e-02,4.574856531828527112e-02,0.000000000000000000e+00,5.719503586479035562e-02,3.091267268499392484e-02,6.228244176031518670e-02,1.584413376839317530e-02,1.081589550237639363e-01,1.758087918122201998e-01,1.279783686754047412e-01,2.555972706068249667e-01,1.602775096268561350e-01,1.149111617469346369e-01,1.819093070700147086e-01,2.897504307449978028e-02,7.096785517750206496e-02,1.562876300818682729e-01,2.766900163759315051e-02,1.215399704589553015e-01,1.687635803363359555e-01,-1.906063282965703848e-02,2.380561657533560305e-01,9.729424026629153455e-02,2.962866239221549972e-02,1.007538247847293567e-01,-1.701944208348322649e-02,1.207384413761170838e-01,-2.966437463527225524e-02,1.078949619103565655e-01,5.572811262471893956e-01,2.717571219603142074e-01,3.512073757331636570e-02,6.905192411775926131e-02,2.268944746779388288e-01,3.867688077477377528e-01,3.656204523572965936e-02,4.913041946588124764e-01,3.695233037880935045e-02,1.443290519314510412e-01,1.322276569708204508e-01,5.922308873403783064e-02,5.744296800277759463e-02,1.217885230688985354e-01,1.350555857118881375e-01,1.742123245398817244e-01,1.766925901190797565e-01,7.473673247287337951e-02,2.879727653498494536e-02,1.903035594926513474e-01,5.689029048595403010e-02,4.802457707554542293e-02,5.823920269299778102e-02
-3.643301438580982821e-02,1.034822325686644423e-01,2.885259845635447171e-02,-6.104257770016180244e-03,5.665337259791367736e-02,1.536582622274099141e-02,-4.493867517281621531e-03,5.373664968783403717e-02,6.228499131335885064e-02,5.555668430241327005e-02,2.812800348015591454e-03,8.042591366205917303e-02,1.127151740105997196e-04,5.719503586479035562e-02,0.000000000000000000e+00,1.497779952580002849e-02,2.825515015352973031e-02,2.055554130800799767e-02,4.262821530447610807e-02,1.239974551815136855e-01,9.872420705808628016e-02,1.662541801437112388e-01,9.155909708498627397e-02,7.775269054047305450e-02,1.087689722662731062e-01,-9.265232823956245228e-03,1.643758638385312693e-02,6.118341436307447173e-02,-1.109776804356605098e-02,5.592168002808066418e-02,1.199797832483360666e-01,-1.748658898838440640e-02,2.707348584456644724e-01,9.008778044201525004e-02,7.780611241115514831e-02,1.084958114760938425e-01,-1.584626684913185285e-02,9.011793428657668970e-02,4.046096514819165491e-02,9.069725662177151315e-02,2.856015264449902058e-01,1.420721202093390700e-01,6.475887157807765082e-02,6.229897481777486867e-02,1.535536864372600285e-01,2.605457624580084230e-01,3.736539655758450845e-02,3.215873634902973177e-01,1.358535129710105108e-02,1.419008552922027822e-01,8.038796657820170000e-02,6.667555344741737944e-02,1.033239542600163444e-02,8.640222602741154390e-02,4.572243343494886147e-02,1.010604435484233343e-01,9.500267080264426789e-02,7.942912883723314554e-02,3.109254357656448392e-02,1.549035874343080710e-01,-1.716272130807004054e-02,-5.058862557758007916e-02,-1.979743782596427026e-02
-8.669399003418930272e-02,3.660201219090798014e-02,5.596968922784491957e-02,-7.375269468246919806e-03,-6.169196789791033669e-02,2.558536252943863221e-02,1.726786725653378706e-04,3.579714119675272282e-02,1.110191608542017514e-03,1.573210616451732602e-02,-1.151260160894320740e-02,1.216805415128796863e-01,-2.855431876601837587e-02,3.091267268499392484e-02,1.497779952580002849e-02,0.000000000000000000e+00,3.201390715127932270e-03,-1.313192152707025329e-03,2.623008394623436643e-02,3.296806446013787750e-02,3.691212439275370905e-02,5.344141289545185913e-02,1.966345996828955389e-02,3.168713780205583558e-02,-6.145818486530202568e-04,2.018961600093458625e-02,6.396480537888891808e-03,-1.375765829382668073e-02,-9.529200043318765499e-04,2.414507299219010097e-02,1.504315203067285722e-02,-6.705802940799832079e-02,1.286824729356515484e-01,8.391181472889749915e-02,7.630114135738264025e-02,6.686301330903268725e-02,1.292366659404497239e-03,2.371570822623635805e-02,6.927744760444214112e-02,-2.642503721324434077e-02,-2.624719579753796803e-03,6.810509281481678945e-02,6.893164230570723860e-02,1.479265295009557155e-02,3.977653866390007398e-02,3.184958783468015003e-02,2.674911561418968908e-02,5.999759369065849057e-02,1.908229350721642919e-03,4.192446117349184209e-02,3.866863163236801404e-02,3.506584809923394414e-02,-1.523536601679739179e-02,3.323478475797759374e-02,-2.101766344816694346e-02,1.601756799659504946e-02,2.027770058304374096e-02,1.508662662461982516e-02,3.314990774885198666e-02,6.404659992428840543e-02,-2.965990747503031294e-02,-7.751560984695624046e-02,-6.421073429664223009e-02
-5.055234176867864221e-02,7.905328421055182742e-02,4.626447192074863157e-02,2.697413940939648661e-02,-4.681602322125744814e-02,1.506618548432037998e-02,-1.058547285759295353e-02,9.077885362797682989e-02,4.749885054062458895e-02,-2.631868678995578827e-03,-1.964139312302668264e-02,1.111045369376078285e-01,6.067646400502821336e-03,6.228244176031518670e-02,2.825515015352973031e-02,3.201390715127932270e-03,0.000000000000000000e+00,6.453815504380656931e-03,1.953947559323412214e-02,2.598726484400505285e-02,2.474323895459796738e-02,5.428506969994435771e-02,2.628033533059261767e-02,4.434371022169263793e-02,1.551355705488247170e-03,1.337325002838542221e-02,3.209041883721911598e-02,-6.048318517368045551e-03,-1.626480182793663826e-02,1.085004901907081834e-02,2.467653712496163665e-02,-2.874637688168869137e-02,8.677121614487706691e-02,1.045015892986613376e-01,1.032792645376928997e-01,6.663972690980621283e-02,2.931442642668654133e-02,2.157649645389025581e-02,5.153616552725929362e-02,-3.064810086674506565e-02,-5.212853133299421779e-03,7.399214556268138288e-02,1.037377848560811777e-01,-4.288576519949937813e-03,9.430239607384673095e-02,2.251861220361363325e-02,5.795462654608450268e-03,4.310154393264564732e-02,3.043550317761619436e-03,3.234174396856280553e-02,2.356758412287495233e-02,1.632956175734611229e-02,-6.433710902322487164e-03,4.717416248586624866e-02,-2.336401115963079173e-02,2.457200092756024398e-02,1.523323447298807233e-02,5.481373038386821994e-02,-2.655261268279425491e-03,7.180356009079298663e-02,-2.765952776107698935e-02,-5.074978814631542212e-02,-5.507025461774402858e-02
-1.967833711603026586e-02,4.530609921911602292e-03,3.572076829575396295e-02,-2.162204144141495130e-02,9.489222307351960137e-03,-5.939234979465487715e-03,3.859919667480009916e-03,-1.568041298444101603e-02,-3.398328795812399859e-03,1.319220708864107805e-02,3.026214081859558355e-02,-1.320995214435380719e-02,1.688467087964904551e-02,1.584413376839317530e-02,2.055554130800799767e-02,-1.313192152707025329e-03,6.453815504380656931e-03,0.000000000000000000e+00,-8.582127271351238512e-03,-7.600746692795454056e-03,-1.791118479662696895e-03,-1.198390020154317497e-02,-1.305114625698844920e-02,-1.917887178393207171e-03,-1.057680561387468882e-02,1.416565358971329236e-02,-6.193042739307886776e-03,-6.845708395315661110e-03,2.925779263327716716e-03,-1.323872514506266654e-02,-3.990603805923411893e-04,-2.028024802334882359e-02,3.356913366779455676e-02,3.797918534099139348e-02,8.464401135986621139e-03,4.201209984574094669e-02,-3.100582002626730595e-03,2.983241475521661995e-02,2.328555095125166979e-02,-2.696662048870485193e-03,1.258428090353321260e-01,3.391318967224001002e-02,-3.816769362869541944e-03,3.367160191875723328e-03,4.296473556297818013e-03,3.646896078458847917e-02,1.480082506861327661e-02,1.100017959436272105e-02,1.312581719323686023e-02,-9.788348631637211819e-03,-3.564693111318947838e-03,6.630930878721723147e-03,-7.823194162849846783e-03,-1.535640260896833052e-02,-1.097174093056525052e-02,-1.171245024945939336e-02,-3.455037358505795575e-03,-1.123658766100658261e-04,-2.087065811256910014e-02,-8.225966968508992977e-03,2.199722836726311290e-02,1.723061269967082060e-02,-1.288712942766667702e-02
-4.397889361497716448e-02,1.083618617293333058e-01,9.228398568152564041e-02,1.013958264792992961e-02,-2.407236929158629302e-02,-7.144717094277696842e-03,4.029943969312325090e-03,4.487612729808100609e-02,-3.411441391040896578e-03,4.124743767941526501e-02,-1.535637514171577303e-02,1.749729525210937109e-02,1.897040987229496514e-03,1.081589550237639363e-01,4.262821530447610807e-02,2.623008394623436643e-02,1.953947559323412214e-02,-8.582127271351238512e-03,0.000000000000000000e+00,-3.735171604383428351e-02,2.046362316562806705e-02,8.105877691126041340e-02,1.917319385403776916e-02,-2.561502133468110398e-02,-4.120640421918298109e-03,2.832152049820433823e-02,-2.024527498597090275e-02,2.377169840105920404e-02,1.073922519604994658e-01,6.948321390340289963e-03,-2.320943582059586952e-02,-6.543447964211149270e-02,1.967841470727408615e-01,5.787376075389869673e-02,1.119567014041273900e-01,2.247120757351568354e-01,-2.918826151510389016e-02,8.334510106647465000e-03,9.951893105591276545e-02,-2.037182782056129807e-02,1.254880011795775074e-01,7.187764974444982302e-02,3.959687856585010490e-02,1.361344998076032264e-01,8.010846268242496904e-02,1.581686085940667563e-01,9.760372765918720389e-04,1.388484822417627162e-01,4.766174721016062932e-02,-3.702351086931862743e-03,-1.706263200125490709e-02,4.367733091341589879e-02,-2.747475971185675547e-02,1.226220336347714959e-03,3.131766063247644338e-02,-1.349772967788741805e-02,-1.288837871102651786e-02,-4.410646671871550767e-02,1.807137902350718778e-02,-3.888859361678433796e-02,1.037525450337266689e-02,-5.556681564806004170e-02,1.263972824002962750e-02
-7.714325951582093333e-02,1.105208505956701420e-01,1.233109343070165898e-01,-2.565763958089766275e-02,-2.603382951166495138e-02,9.646877812151333914e-03,-7.759088616116155629e-04,3.961786307169409133e-02,-1.304185843022908839e-02,1.364475639511784633e-01,6.804405850868930350e-02,2.114782502208212983e-02,6.446183867059393328e-03,1.758087918122201998e-01,1.239974551815136855e-01,3.296806446013787750e-02,2.598726484400505285e-02,-7.600746692795454056e-03,-3.735171604383428351e-02,0.000000000000000000e+00,8.003566808967844948e-02,1.020279286587507245e-01,1.286772566997683998e-01,8.638990267616841051e-03,-2.823915260030932656e-02,4.765974148596031912e-02,3.087526098357195117e-02,1.535775782471518469e-01,1.471212909411943603e-01,-3.501474542708308928e-03,2.425428564150351393e-02,-8.239975989100803422e-02,2.738677539018650187e-01,4.897372866401564218e-02,1.217725444019625292e-01,2.724601214360138912e-01,-1.766402214648554042e-02,-2.472858008830897038e-03,1.703047585340510817e-01,2.549747878006720578e-02,2.609676092972378347e-01,1.388127791041972314e-01,3.301084863205137887e-02,1.633320369802371275e-01,1.054404165102087731e-01,1.811219126855926065e-01,1.961320167990494162e-02,1.757059130330386743e-01,8.847705367264484255e-02,4.364731895836522491e-02,4.371970750235110170e-02,7.945636769121086629e-02,-1.344785939792087805e-02,3.447559825070385664e-02,5.934974450421779540e-02,1.130522322449240002e-01,4.754182383085035074e-02,-2.681450739707408326e-02,2.376017870226044063e-02,2.026862192507295629e-02,-8.513749038325552077e-03,-1.017336319840185660e-01,-6.226087481876076829e-02
-4.071621674433197058e-02,8.829015296356838849e-02,4.594987629056784817e-02,-4.591275309513070946e-02,6.200089440147712322e-02,2.660620091300253814e-02,2.264059166249239759e-03,4.176861207472651501e-03,-1.692041362313318614e-02,1.538504629701190063e-01,1.406859073304861929e-01,9.999376890847691546e-03,3.223725895534854807e-02,1.279783686754047412e-01,9.872420705808628016e-02,3.691212439275370905e-02,2.474323895459796738e-02,-1.791118479662696895e-03,2.046362316562806705e-02,8.003566808967844948e-02,0.000000000000000000e+00,4.918433437513871492e-02,-8.665057107435866074e-03,-2.355822248161641881e-03,-4.096644421324060689e-03,2.339752933335814689e-02,9.651472197279988702e-03,-2.217320958294755062e-02,2.924289967149915070e-02,1.810300430596723659e-02,5.237680472592618625e-02,-6.268220959943057724e-02,2.517556318309482899e-01,4.012233632037410375e-02,9.738675941017917170e-02,1.364675235281598842e-01,-2.365148153705693649e-03,5.730830504155104074e-03,1.616847058192368847e-01,1.238705737399450058e-01,2.744147411887392640e-01,1.715257395955183950e-01,-5.593210430661295189e-03,1.466918267326387526e-01,2.455863955484421240e-02,1.809921795520430809e-01,1.019264073079593699e-02,2.166202042276389739e-01,3.982417590560836246e-02,5.631840793247872012e-02,9.953843743391466159e-02,5.047292819875710823e-02,-5.250588240184999103e-03,1.426606460808113076e-02,9.778625482318317741e-02,9.796064133878897712e-03,-4.273400787998847712e-03,4.559389300062488548e-02,2.010937369603614609e-03,9.686357298568268326e-02,-2.206903504334064084e-02,-5.651451537291326405e-02,-4.547603702902906775e-02
-8.214584711231950886e-02,-1.842260858786409772e-02,5.589446811494402922e-02,5.836348746890455963e-02,-2.237048434596026342e-02,-5.402095876829095429e-03,-1.219956092759595136e-02,6.530469301795124859e-02,-2.301234490811356753e-02,-4.685405669317748920e-03,3.153139569506716727e-02,1.081223943392712640e-02,3.195959269810298015e-02,2.555972706068249667e-01,1.662541801437112388e-01,5.344141289545185913e-02,5.428506969994435771e-02,-1.198390020154317497e-02,8.105877691126041340e-02,1.020279286587507245e-01,4.918433437513871492e-02,0.000000000000000000e+00,9.445799939363809516e-02,7.182353780004904764e-02,8.059221311782227559e-02,5.929676710653046523e-02,4.262937294231640417e-02,1.200739038817491278e-01,8.564896849661619849e-02,5.113679645458234224e-02,1.072795785363277743e-01,-3.267774083565357091e-02,3.013056226961972062e-01,6.580078653691201485e-02,4.533389045067377429e-03,2.860656421582465914e-01,-2.942584437587240226e-02,4.194544543451898810e-02,2.367082061862169767e-02,-3.495755050545929637e-02,2.833972982498880744e-01,2.414260852595414009e-01,-8.819234146408788319e-03,6.427811258992259524e-02,6.575900697913353299e-02,1.429078930592636021e-01,1.613142230927464005e-02,1.746224638925657213e-01,4.255794228099119003e-02,3.936183035837056282e-02,9.198979613145960577e-02,9.979643166389382154e-04,6.874702880313362900e-03,1.290619573812933421e-02,2.261415828921625737e-02,1.050716005399949526e-01,4.956582379051897858e-02,1.683469109860444898e-03,-1.544525800339426394e-02,8.371614183372072526e-02,3.080881590288784416e-02,-9.870131077858071422e-03,2.736120980290198540e-02
-9.102957068492527337e-02,1.127304731497040802e-01,1.180623727938736878e-01,6.172262608779987766e-03,-3.982281969790273796e-02,7.836129143513123965e-03,-1.146232744618161901e-02,8.811735218527898261e-02,-2.146729556655221222e-02,1.051529152637477038e-01,9.819954261457716771e-02,2.800803853027590204e-02,5.897097419061440512e-03,1.602775096268561350e-01,9.155909708498627397e-02,1.966345996828955389e-02,2.628033533059261767e-02,-1.305114625698844920e-02,1.917319385403776916e-02,1.286772566997683998e-01,-8.665057107435866074e-03,9.445799939363809516e-02,0.000000000000000000e+00,-2.204336512213293103e-02,-1.014236304175249355e-02,2.926065994130351219e-02,1.730567436608433565e-03,1.890138316473122249e-02,1.341461447311155797e-01,1.970548047528577346e-02,9.075071657614293408e-02,-8.876612754025896279e-02,2.847592116213705782e-01,3.272574062819642859e-02,1.193562220842056404e-01,2.940781467132044247e-01,-3.735208298221610185e-02,1.729048509315861404e-02,1.592607576894896904e-01,1.142348766354420175e-02,2.709167313737194105e-01,2.205803642983850954e-01,7.151980539075034234e-03,1.358382222045819987e-01,4.520258743909920385e-02,1.889669087326374675e-01,2.477637841507088906e-02,2.154367659502938182e-01,5.733689184545370798e-02,5.468159592149328396e-02,7.313810673198377355e-02,4.113155064392311905e-02,-1.801661548294996446e-02,-1.570836748138087439e-03,5.637534731435318858e-02,8.965240695395083892e-02,-7.928173457083159464e-04,-1.534660266609821910e-02,1.370675854917592293e-02,1.977289326893840737e-01,-3.270920693362181636e-02,-1.023620663641720413e-01,-7.198985632362767118e-02
-7.542584933509328959e-02,5.238246167053865754e-02,3.716354216381051456e-02,-2.347607141642899659e-02,5.168521513250473945e-03,2.105318591991653387e-02,-7.704083549553574981e-03,1.995894160395430411e-02,-2.033182897486476761e-03,1.079961302416071051e-01,1.575470773218090037e-01,2.680588476403121881e-02,7.026125523413835963e-03,1.149111617469346369e-01,7.775269054047305450e-02,3.168713780205583558e-02,4.434371022169263793e-02,-1.917887178393207171e-03,-2.561502133468110398e-02,8.638990267616841051e-03,-2.355822248161641881e-03,7.182353780004904764e-02,-2.204336512213293103e-02,0.000000000000000000e+00,-1.948762412757391524e-02,2.217389347462322274e-02,-2.113496632720155213e-02,-8.700774572952144070e-02,4.178943916464798736e-02,4.375088512008865060e-02,2.673620673654962185e-02,-8.090123876572832828e-02,2.752411947500715272e-01,1.084923336749686260e-02,6.141716397636234198e-02,1.489494345234564643e-01,-3.542057614218556416e-02,1.151386405694436108e-02,1.242080371106383668e-01,8.650799854425963997e-02,2.427805631385872576e-01,2.082128868985439196e-01,2.379155064569365291e-02,1.103066464202767383e-01,6.839393840503449340e-02,2.267874177109396316e-01,1.709708819305820124e-02,2.590635079204681723e-01,4.630266873607967459e-02,6.126226460087842718e-02,1.640685592795439272e-03,4.261237305574990669e-02,3.677525027787244142e-04,1.413443518931767340e-02,2.306411421746550755e-02,-4.902517435230521053e-02,4.135510378156075258e-03,2.671148383180480673e-02,3.763813358452558488e-02,1.381603601649799007e-01,-3.978135927126434657e-02,-8.252233639760389594e-02,-7.034724696244579190e-02
-6.845929597588054638e-02,5.788486450922449011e-02,4.520137545587524924e-02,-1.808937193335361003e-03,-9.040114946943572302e-03,6.741622340702880037e-03,5.281504714305998265e-03,1.850026203066911651e-02,2.204955819262538821e-02,9.474766873401645195e-02,3.486504056863394541e-02,1.585898048101370278e-02,-3.783875061143165963e-03,1.819093070700147086e-01,1.087689722662731062e-01,-6.145818486530202568e-04,1.551355705488247170e-03,-1.057680561387468882e-02,-4.120640421918298109e-03,-2.823915260030932656e-02,-4.096644421324060689e-03,8.059221311782227559e-02,-1.014236304175249355e-02,-1.948762412757391524e-02,0.000000000000000000e+00,2.279848308346392113e-02,2.309070833424177113e-02,1.214108229666988536e-03,8.034479745702934050e-02,-2.943067703544851449e-02,1.314897653382822440e-03,-5.750097948009579019e-02,2.052805295585461987e-01,-2.311925149387338355e-02,4.798673821290148911e-02,2.308048973768099810e-01,-3.545531295184472555e-03,1.466854413295323734e-02,9.499050010920048748e-02,1.049602011446968720e-02,2.505171887060415603e-01,1.196697007652457734e-01,1.617734089385604659e-02,1.185377675629821770e-01,3.787295845559484481e-02,1.448514408190897940e-01,3.212770087697347510e-02,1.877697782985146557e-01,6.201056957652273383e-02,-1.846571833479702593e-02,-1.992763397526611108e-02,2.453749628745730688e-02,-9.455870499127364340e-03,-6.005469000815515448e-03,3.912849828615702630e-02,-2.828905482589299039e-02,-2.217595430648443972e-02,-1.938138707295654350e-02,8.356520230171207708e-03,-2.320218416739040432e-02,-9.522225247708668294e-03,-7.997990926803619227e-02,-2.983817202401731206e-02
