0.000000000000000000e+00,3.979456402736438608e-02,-2.334098901260720730e-03,4.895116267892984924e-05,5.469553839293106630e-03,-3.964797751460316655e-03,-8.722677656062161056e-03,1.314490658623103207e-02,-6.312052125660318376e-03,-3.616667028242690363e-03,-3.405083241036646960e-03,2.007482013895500251e-04,-6.478087526049887239e-03,2.171591507779757971e-03,8.216274153035640557e-03,1.055311794665797671e-02,1.173456788099808829e-02,-4.338932189881587222e-03,1.710633593470019947e-02,9.521845121944221349e-03,-5.998070982087382215e-03,-3.360236359466558468e-03,-5.149337086125381491e-03,1.561068921341631117e-03,4.536557077708937465e-03,-1.824698789687089840e-03,-2.367416222569420584e-03,-4.523933413132358999e-03,-1.718097516002821228e-03,-7.367665827679829860e-03,-6.574536788042686410e-03,1.832052932560693584e-02,2.154981454516666228e-02,1.020940168916228442e-02,4.485637798761541589e-02,3.249290046594620687e-03,-9.492420123430119969e-03,1.404223579132488769e-02,-8.203198063906507777e-04,1.855571171399950092e-04,2.761029156799077455e-02,1.258503265347573133e-03,1.357653034306887524e-03,-4.394918256097772591e-03,-2.614012154646930004e-03,1.946716907297482355e-02,-2.597981756026580390e-03,2.066230944203878775e-02,-1.696936605054520609e-03,-8.534911809347575998e-03,-7.913931027673381732e-03,-4.762803249429617067e-03,2.241060400615390268e-03,-1.880249559848150114e-03,1.203240564206668750e-02,5.915572068298200229e-04,-6.985482799619986867e-03,5.230035874403346670e-03,-8.348067147553909009e-03,-8.078276136024771861e-03,-3.172030911290057899e-03,4.104701483744723628e-02,3.855990661279057666e-03
3.979456402736438608e-02,0.000000000000000000e+00,5.654261554859378765e-03,5.608034301927047188e-02,4.428493155240400408e-02,1.333909349830129411e-02,1.308320388272529444e-01,-1.892766697902506122e-03,-1.235748400144023700e-02,-3.375232819281526447e-03,-5.988063648386678615e-03,2.158142760041063812e-02,-1.212030716257335612e-02,-1.354484260223076360e-03,-2.934055126317823472e-03,-3.396502811818374271e-03,-3.921712873520465971e-03,1.978584724616650956e-02,1.070450875443903355e-02,-2.321688043007483996e-03,-7.990892689122440842e-03,-1.149533037980824540e-02,-6.808966366819786849e-03,3.978900955524235748e-03,-1.143270988678957980e-03,1.973308492174151788e-02,-7.662466254915419224e-03,-1.536124286105427540e-02,-1.165359471134450042e-02,5.287721424825931466e-02,3.219203553089144965e-02,-4.427437346556060971e-03,7.160415534882187683e-02,3.436111700088786275e-02,1.990218275367354114e-02,7.946470896103756051e-03,2.538382117978377119e-03,1.827848700402577922e-02,7.269060000779796471e-02,3.372616096264153401e-02,-3.359341623337874089e-02,-3.156650731742850768e-03,-7.888182930234709234e-03,-1.361497166707056894e-02,-1.118331590081828898e-02,-1.853549509524251909e-03,1.125115871733660400e-02,-5.809495213672810805e-03,5.081486816238410704e-03,-1.317817817404068684e-04,-8.245081488298887026e-03,4.365627270984127027e-03,-7.082284755525659718e-03,-8.000460319288655447e-03,2.267406119505488427e-04,-6.304941467676779786e-03,-7.237047668732028878e-03,-1.058609472197200550e-02,1.241607774541872607e-02,5.113030432245457835e-02,4.671109826215907868e-03,4.516459612302976129e-02,2.763192502458938771e-02
-2.334098901260720730e-03,5.654261554859378765e-03,0.000000000000000000e+00,1.534965679328960213e-02,5.989363765345184776e-02,-9.734274037089813217e-03,2.007342704101385336e-02,9.031827915408810470e-03,1.735422783541451866e-02,1.274217421329559841e-02,1.523432668482770785e-03,-8.100111806024493794e-03,-1.637423096738883227e-02,-1.134253074506542946e-02,2.250416122441903279e-03,2.268763026721417123e-02,2.305081523019108722e-02,-3.859084109706943655e-03,-7.848963303625973789e-03,-4.644625519915439142e-03,1.361813831270433260e-03,-2.374884730796018514e-02,-1.542450158553350208e-02,5.281493562440294810e-03,-6.708237727405621555e-03,-7.275161891380675476e-03,-1.435864264401775364e-02,-6.594885003528834326e-03,8.728852562704817256e-03,-1.866622527797971417e-03,6.316703645961305180e-03,6.943970589983937403e-03,1.804940242383111862e-02,9.096965417556389247e-04,2.709750108142970192e-03,-7.053720150818921890e-03,-4.573658802691868246e-03,-6.003725605953818927e-03,-4.739657522341354616e-03,-7.506885591105774171e-03,-3.765402768199547969e-03,2.602462660689992824e-02,-5.314747783007230976e-03,-7.817442771946681024e-03,-1.160868875133526899e-02,3.127019205872758750e-02,-4.330296811692860466e-03,4.275891843538207580e-03,-4.066812212241028950e-03,-5.896421044629975711e-03,-1.345046901009120700e-02,-6.299013759584450034e-03,-1.382096483270721897e-02,-1.022661559089540172e-02,2.595714477662742093e-03,-1.452736960371314029e-02,-1.403548765230826223e-02,-1.110929363066542712e-02,-5.388104718815418977e-03,4.713514139182807018e-03,-9.513052979298977987e-03,6.392443324612668600e-03,-5.957607013168139502e-03
4.895116267892984924e-05,5.608034301927047188e-02,1.534965679328960213e-02,0.000000000000000000e+00,1.571484125597799597e-02,-9.121383184693149931e-03,2.202963657090517525e-04,5.811315500235801623e-03,-1.294788128421367999e-02,-1.931141315826399862e-02,-3.821003451350953473e-03,-4.653500341672963878e-04,4.572342403916448278e-02,-7.646203541475500576e-03,-2.904075772243579299e-03,-4.821648758338528684e-03,1.059588100780983928e-02,3.157834153885369366e-02,1.264828667448999674e-03,6.481924756464502169e-03,-7.391162267759582305e-05,3.253710610376459728e-02,-7.741486842245961890e-03,-1.117483638227324654e-02,1.561048893433185196e-02,1.627683842596172300e-03,2.689538438044797048e-03,2.948599142172622992e-02,6.478996652654111198e-03,-6.003213871366805399e-03,-8.164688821284691103e-03,1.379240528208907496e-02,7.651971422045942932e-03,3.460695644892068743e-03,1.583759343773544909e-02,1.262731173408248968e-02,1.352718129929189605e-02,4.349156149054159842e-02,5.176782579659040123e-02,2.662217075367448449e-02,2.423014394213557701e-02,9.356985992240170191e-03,-4.088921535764488031e-03,-6.379445882953724105e-03,2.565522102166347199e-03,2.539370544812258323e-02,-3.086211510349336305e-03,3.815871897920660588e-02,3.618013864218145442e-02,1.250912694397470805e-02,-5.967088079736238178e-03,-5.956010990843067614e-03,1.140440042933125835e-02,7.256074592271909846e-03,3.312380494076863635e-02,2.594569770587318303e-02,2.089667731101703049e-02,4.714152548589222586e-02,1.608556951174102941e-03,-2.389359784419543831e-03,1.670386212694591199e-02,1.249916172849407786e-01,2.179012562990598548e-02
5.469553839293106630e-03,4.428493155240400408e-02,5.989363765345184776e-02,1.571484125597799597e-02,0.000000000000000000e+00,-1.016019572782786429e-03,7.526734579037021875e-04,-8.378410542044417361e-03,-2.436088532394356174e-02,4.870960664779113401e-03,-2.859376328569312228e-03,-7.842601825265678103e-04,-8.709842221008158580e-03,-1.304738125980677531e-02,-5.986164071239232810e-03,-1.171645221561107807e-02,-9.148933451289371910e-03,5.212066773844542707e-03,-7.662706931516588722e-03,1.609873307838781756e-02,-4.470453562401671341e-03,-6.030127695710329333e-03,-2.088898886404787734e-03,2.554538953097739657e-05,-7.161656034620160656e-03,-9.511520922188964819e-03,-6.330359134508790203e-03,-6.421934855701148630e-03,3.082033198669147187e-03,-9.676930464711507376e-03,3.631712284024853164e-03,-5.624207077594163724e-03,3.336387253404691448e-03,-8.871130870513407526e-03,2.431597809740084631e-03,-1.059698482831327170e-04,-3.988175878740021774e-04,4.608880087677347942e-02,-1.066977769381534900e-02,2.267530764306999527e-02,-2.044969123584059259e-02,-5.661884619328636827e-03,-1.012841785668297566e-03,-6.684961049731674189e-03,3.841663049257787454e-03,-8.759027664902231322e-03,1.258442612089970313e-03,1.239442615637662915e-03,-2.391186634453866186e-03,-1.109694381111347604e-03,-4.123878783278993841e-03,2.695796476983365001e-03,-9.014237800251010888e-03,-9.357367872073301925e-04,7.054133552045954714e-03,-9.210666954633274506e-03,-7.295644219549638453e-03,-2.265146873845956966e-03,-7.839916464734952503e-03,-7.138869588914312225e-03,2.255507289077932076e-02,3.531654997346667102e-02,-4.912825500613226225e-03
-3.964797751460316655e-03,1.333909349830129411e-02,-9.734274037089813217e-03,-9.121383184693149931e-03,-1.016019572782786429e-03,0.000000000000000000e+00,2.904261464341393109e-02,-6.645789248497085142e-04,-1.996844562207000448e-02,-2.520660046433605486e-02,-6.021653194313237450e-03,-4.729093595004099128e-03,-2.540083115697608449e-03,-3.564833101091269274e-02,-1.439048470555280568e-02,3.133479857621367104e-02,-1.063194961125022570e-02,-3.425881116848646189e-03,3.038174008694898790e-03,-7.138704004801735455e-03,1.008368961086633132e-02,2.951874417642376403e-02,-6.990865963534222648e-03,-1.306001195554169249e-02,8.130741154582824329e-03,2.386107429321060805e-02,6.078811680267253055e-03,2.744868816675943846e-02,-8.229539319442001621e-04,1.401077314572718273e-02,1.007871283158169075e-02,-1.415241387713640081e-02,-8.931509106870280656e-03,3.762923910709231601e-03,1.242004031218820826e-03,-3.169062525700653849e-03,-9.167193219013219582e-03,-6.877489214826434070e-03,7.177017180034085675e-02,1.314362198186200216e-03,-3.589990158004885412e-02,-1.860289228723838520e-02,3.458034312636920713e-03,-2.800596706986782647e-02,1.028587752764814102e-02,3.808194849634875118e-02,3.360875312084669886e-03,1.542349294687306305e-02,1.292794324423125751e-02,2.988629808926748527e-03,-2.863157775639048070e-03,5.153508481636543369e-03,2.335801151104976991e-02,1.379341631701697969e-02,1.744576138380550187e-02,2.407919604549871306e-02,2.990163157651390402e-02,2.694396411581941042e-02,-4.174125978026298721e-03,2.288504043214750761e-02,1.608952516718987688e-02,5.779357571255128861e-02,2.050478899764433469e-02
-8.722677656062161056e-03,1.308320388272529444e-01,2.007342704101385336e-02,2.202963657090517525e-04,7.526734579037021875e-04,2.904261464341393109e-02,0.000000000000000000e+00,4.271501982361408829e-03,-1.883768319535364388e-02,-1.919164587737477376e-02,1.385121386257990228e-03,-6.131695318404561121e-04,3.920034404849347814e-02,-1.620976920420991868e-02,-6.472391287536167917e-04,-9.430614751024879797e-03,-7.699618463799337564e-03,-9.093775072612888047e-03,-3.199818491362077435e-03,1.716294180078702320e-03,7.718974525234613589e-03,4.667800888552575862e-03,7.288292685256834167e-04,-1.122022781052142010e-02,-5.940439776080882334e-03,3.864503781476844724e-05,1.301408536422786304e-02,3.727301998882364548e-02,1.264545223623424197e-03,-1.083403737603022381e-02,-4.650873008190830639e-03,-1.911619299085624141e-03,3.704762467461665629e-03,3.151217563824401657e-03,3.770920811408516593e-02,5.747985240726513623e-02,-6.989691283805919871e-03,9.040949940665522766e-02,-4.556748699827549431e-03,-6.944064273023973881e-03,-3.775396114094515393e-02,6.332075736018418465e-03,3.973008453412767843e-02,-2.158155188591240337e-02,-1.341794199026761537e-02,9.434997023468449928e-03,2.518538045812562798e-02,9.285897351386197471e-03,-4.206069187986292111e-03,-9.331540083822429180e-03,-6.411040667686798006e-03,2.951344649188378591e-02,-1.644419258576539783e-03,8.885510510827535763e-03,9.662280551626776029e-03,-3.574742462728530625e-04,-7.313415827996608970e-03,1.239253510313615726e-02,-3.364452872809030326e-03,-4.762564247745045345e-03,3.535281802352788910e-02,4.743145808061014629e-02,-1.544885294158796461e-03
1.314490658623103207e-02,-1.892766697902506122e-03,9.031827915408810470e-03,5.811315500235801623e-03,-8.378410542044417361e-03,-6.645789248497085142e-04,4.271501982361408829e-03,0.000000000000000000e+00,-1.637585759706427016e-02,-1.170397622303343509e-02,2.298735119863268284e-04,-4.696296801285960304e-03,1.449011866019695068e-02,-2.491198772533398387e-02,-1.917249806438725904e-02,1.946250875020611587e-02,1.384657620745888273e-02,-4.584748484836281834e-03,1.592908405581707626e-03,-6.472708928450348481e-03,1.443805011270905823e-05,-9.167281201707812993e-03,-8.952436696107747213e-03,-3.879829249520531844e-03,1.299002028456332399e-02,5.363072454739196797e-03,1.119131249774362640e-03,-7.566565423806741360e-03,-2.022793480460298009e-03,7.017979524196107238e-04,-3.691859514354611446e-03,-9.636579390401115233e-03,1.257884742134873779e-02,6.363237337509746600e-03,-3.777390423498330849e-03,-1.597334899077759718e-02,-2.034243244283865087e-03,6.827959687143120814e-03,1.695349929348301298e-03,-7.910308397978385933e-03,1.381846913311314713e-02,-4.970903153120348472e-03,2.062191622443431489e-04,-2.667235544208108270e-03,3.323236754450217129e-02,9.075202517898462926e-03,-3.730069203131057467e-03,-1.041128925650274505e-02,-6.888774399062646929e-03,-1.166216382605810703e-02,-8.203374210316439000e-03,-6.946033446276508698e-03,6.075651489411935079e-03,-5.017299589022520233e-03,-4.911758596550907206e-03,-6.126572506014981052e-03,-6.029170409948797493e-03,7.792427718605973545e-03,-8.484356173293463102e-04,-6.125133541793760517e-03,1.934739840184320110e-03,-4.658972914235382651e-03,-1.231633182963234700e-02
-6.312052125660318376e-03,-1.235748400144023700e-02,1.735422783541451866e-02,-1.294788128421367999e-02,-2.436088532394356174e-02,-1.996844562207000448e-02,-1.883768319535364388e-02,-1.637585759706427016e-02,0.000000000000000000e+00,-2.185943130312903784e-02,-1.854821248385758736e-02,1.628199952220359126e-02,1.429777511008665201e-02,-4.333369648168505089e-02,-3.853149290374444785e-02,1.009022373853167738e-02,-7.873218146661033548e-03,-1.913650641763009821e-02,1.186163164419797023e-02,-9.816043374500467086e-03,3.043835216314366970e-03,-5.005404884986762448e-04,-1.613445620635511196e-02,-1.748577803012358461e-02,-1.896565481407162844e-03,-8.198944981385672057e-03,-8.083245572305273671e-03,4.206532519012256416e-02,-3.667977922706346008e-03,-1.084591544873807385e-02,-6.272197823520141158e-03,-1.183171622266886158e-02,-1.897948164232188609e-02,-2.243116481915847019e-02,-1.705675399750243224e-02,-2.094180849080096510e-02,-2.590223653046095503e-03,2.322947655334360248e-03,-1.819792853932393831e-02,-1.710760571285427356e-02,-4.551578797372286128e-02,1.033553627155134672e-03,-1.210041493466968050e-02,2.268622297791587569e-02,1.554869111150086226e-02,2.993773629448888006e-04,-6.847802324846459683e-03,2.392998300133668754e-04,4.286057644945575479e-03,2.577937323296363922e-02,-1.099174694025846673e-02,-1.810096622050872198e-02,-1.086665063577220251e-02,3.507422798007252349e-03,1.258472937328682269e-02,2.918671395809539076e-04,-2.125925411244549562e-03,1.810168051192166325e-02,2.110469773099669585e-02,-6.159433335576135204e-03,2.849574052666546588e-03,1.727933251909243018e-02,-4.105505433415386658e-03
-3.616667028242690363e-03,-3.375232819281526447e-03,1.274217421329559841e-02,-1.931141315826399862e-02,4.870960664779113401e-03,-2.520660046433605486e-02,-1.919164587737477376e-02,-1.170397622303343509e-02,-2.185943130312903784e-02,0.000000000000000000e+00,-6.149548925931585218e-03,4.366276533435869966e-02,1.359654096121130050e-02,-8.664992685927569785e-03,-1.872237820282372789e-02,-4.327198124001765435e-03,-1.337040359235724257e-02,-1.603351611056371209e-02,-4.344553553593152352e-03,4.743322107641838488e-03,6.265224057281328779e-03,-5.075237976561093080e-03,-4.877620157699096883e-03,-4.883026669213992111e-04,-6.606703835379856664e-03,6.451010237841396829e-03,-5.102767454190329684e-03,2.751484508905414558e-02,-4.603430246091355128e-03,1.761412147012860266e-02,-1.598341290064625095e-02,1.288515435413844536e-02,1.568343085423386241e-02,2.286497304792966222e-03,-2.558164247251598286e-02,1.512308808156252217e-02,-5.559216006273549893e-03,-1.278007185491997731e-02,2.843704679850092565e-02,-8.510568971264885832e-03,-3.476814850937387513e-02,-2.653268270791995457e-03,-1.736090197731664187e-03,5.129349593266178432e-03,-5.047109432492050130e-03,-8.418712044045172094e-03,3.261327648485133276e-03,6.331171743177873429e-03,2.305517182748038473e-03,-5.297943948793349712e-03,-4.582920304894727397e-03,8.284362631779304195e-03,-1.042330788564317136e-02,4.626971902830529643e-03,-6.588968523882989675e-03,4.633246445685056288e-03,-1.420727455215173600e-03,2.552429330161212762e-03,3.092581239594632478e-02,5.531966334199930890e-03,-1.207829501762361368e-05,1.445946246694062610e-02,-3.360211432866984978e-03
-3.405083241036646960e-03,-5.988063648386678615e-03,1.523432668482770785e-03,-3.821003451350953473e-03,-2.859376328569312228e-03,-6.021653194313237450e-03,1.385121386257990228e-03,2.298735119863268284e-04,-1.854821248385758736e-02,-6.149548925931585218e-03,0.000000000000000000e+00,2.466875963534527136e-02,1.090848184384309721e-02,-8.843345957455324077e-03,-8.649243622871742934e-03,-6.393250615250273099e-03,3.864809327625745843e-03,-1.615946923846195774e-03,9.249222370145282349e-04,1.168511378714154336e-02,-8.717375905224715579e-04,-3.709029692551854811e-03,6.655926200021981994e-03,-1.125469901510882690e-03,-3.495017923699220413e-03,-1.975271298654587837e-03,-1.186989462202753948e-02,-1.900908200366512426e-03,-5.111678759079891533e-03,1.850263881506766100e-02,-5.611883076659281155e-03,-2.979053086894205542e-03,-2.235854496837576949e-03,-6.229911472842690652e-03,-7.131056977258792319e-03,1.787153206239520129e-03,-8.206473503156834493e-03,-6.554313344605051071e-03,1.722603680186579264e-02,5.851288593345737622e-03,-1.982622266620263918e-03,2.252387747012743501e-04,2.533795684217640047e-04,-1.110125452610840648e-02,-1.090879402148217485e-02,-9.425716496354813803e-03,-4.909100631633950447e-03,5.104278734767955100e-03,-6.060733297674979723e-03,-1.210028252176794349e-02,-2.225274629997585959e-03,-9.954546138701827682e-03,-6.480663691123357550e-03,-2.933076230460065809e-04,2.877810197627745856e-02,4.154695848631384590e-04,1.842544051139042779e-02,-3.920143039681184619e-04,2.625712731808575642e-03,1.040613418006183961e-02,-4.541045265224431457e-04,5.157210116718003064e-03,1.015441471657935017e-02
2.007482013895500251e-04,2.158142760041063812e-02,-8.100111806024493794e-03,-4.653500341672963878e-04,-7.842601825265678103e-04,-4.729093595004099128e-03,-6.131695318404561121e-04,-4.696296801285960304e-03,1.628199952220359126e-02,4.366276533435869966e-02,2.466875963534527136e-02,0.000000000000000000e+00,9.849374284399475474e-04,6.921662924916383020e-02,2.171958022725828732e-02,1.551830183096097231e-03,1.153008440135963771e-02,3.305819968254117280e-02,-7.710161764105812575e-04,2.921123238244724765e-02,1.112053192204929229e-02,1.602040454625297539e-02,4.186819467677523748e-02,-7.578239075979899958e-03,1.469058483282780847e-03,-5.539478760096468212e-04,-6.755707872098601352e-03,9.608210071809796665e-03,1.919685325831962247e-02,-5.566051845522941403e-03,-2.709462649579357364e-04,-3.395866754624355614e-03,8.087465728282156865e-04,1.907348933609835607e-03,2.457260257882479867e-03,2.747438626721633841e-03,1.702970896373280640e-02,-4.659570148919049866e-03,1.552070871342543096e-02,-7.121915157764286373e-03,9.284174671862268149e-03,3.421598602855367276e-03,2.583303938894071505e-02,2.371044272872718794e-02,-6.394689377915627887e-03,-1.160305100120467186e-03,-8.503885044482668507e-03,-6.074189559001894924e-03,-1.454698807153614708e-03,1.242721862418481003e-02,4.712379871606220405e-02,1.481420549128003618e-02,-6.355216287988832988e-04,-2.531328925403924287e-03,-4.621211197737623219e-03,2.066409447839334321e-02,1.475939476652390718e-02,1.130023459675348445e-02,-6.657419572455066346e-03,-8.057194073956138250e-03,2.825644576832090152e-02,9.799742856327333870e-03,-4.557855910164300244e-03
-6.478087526049887239e-03,-1.212030716257335612e-02,-1.637423096738883227e-02,4.572342403916448278e-02,-8.709842221008158580e-03,-2.540083115697608449e-03,3.920034404849347814e-02,1.449011866019695068e-02,1.429777511008665201e-02,1.359654096121130050e-02,1.090848184384309721e-02,9.849374284399475474e-04,0.000000000000000000e+00,-2.031067234721065790e-02,-2.249970505436792514e-02,1.712037709514682704e-02,8.705365546316012892e-03,-2.703793884045838179e-03,-1.999100906345394404e-02,5.063750959876199033e-03,-7.865593370973804344e-03,-1.541123580389740233e-02,-7.392467052368522501e-04,-1.037320986998560568e-02,-9.600932639633632040e-03,-1.631274539413487016e-03,-1.016167120384125697e-02,-4.259252991688077840e-03,-2.206754363677061129e-03,1.272730930593932337e-02,1.694507152812801953e-05,-5.139850400589060682e-03,3.290232125269740987e-02,-1.333628129715876305e-02,1.439142953734658288e-02,1.668018302330749256e-02,1.345931433724863397e-03,-1.412276426897288368e-04,8.258234679581482815e-03,-1.123669252052335267e-03,-3.187423640173055878e-02,2.980915389842732008e-02,2.989210185242661879e-03,-2.575742418097222430e-03,-3.223979459011682563e-02,1.233788881077053749e-02,-1.222915535457176454e-02,-9.831418505100433455e-03,-7.914395469535788138e-03,-1.797649541238119722e-02,-8.311255215528176934e-03,-4.749083910589309114e-04,-7.129304665325509466e-03,-1.249332661213944234e-02,-2.425715992771507526e-02,1.456119310851822874e-03,-9.852948322116536831e-03,-1.200892773903046613e-02,-2.585503125524100075e-03,1.559314080619847442e-02,-1.337601560427110516e-02,3.576625331462053169e-04,6.928232400668965334e-03
2.171591507779757971e-03,-1.354484260223076360e-03,-1.134253074506542946e-02,-7.646203541475500576e-03,-1.304738125980677531e-02,-3.564833101091269274e-02,-1.620976920420991868e-02,-2.491198772533398387e-02,-4.333369648168505089e-02,-8.664992685927569785e-03,-8.843345957455324077e-03,6.921662924916383020e-02,-2.031067234721065790e-02,0.000000000000000000e+00,-1.314352664119596004e-02,-9.035822466531553618e-03,-8.387623850557850147e-03,-1.490442726056377676e-02,-2.910498841622381760e-02,-2.388851177308259216e-03,5.127275389958715207e-04,-4.322564798745342531e-03,-4.210037117315591944e-03,8.382925825059282451e-03,-2.339680289271069569e-03,3.828391943963918315e-03,-1.382640596804183587e-02,6.345440658236679854e-02,-1.663300074113993610e-02,4.351938307176542869e-02,-1.754761208204185657e-02,3.785941915249085854e-02,-9.597722462856700387e-03,-4.042312235173483280e-03,-5.122727444436195191e-04,-1.333045588494832963e-02,3.563980549556248611e-03,-2.238542481416436192e-02,1.841234715125783170e-02,-2.074089375737760144e-02,-4.189759003609078158e-02,-5.999743587845094740e-03,2.200268093865938301e-02,-1.856166203246832624e-02,-3.592197834839216258e-02,1.077554608561726067e-03,-6.428482076274375824e-03,2.134525107366370619e-02,2.205537828769736294e-02,-1.564825392502854767e-02,4.930560764199163649e-03,1.052654039682947990e-04,-2.256334121837176923e-02,7.290854077309813323e-03,-5.279823680068864572e-02,2.774370440898416001e-02,3.143617108385226167e-03,1.773472586029799930e-02,6.145813818459226058e-02,1.994138571078124186e-02,-1.597375935687590787e-02,2.111207192925300749e-02,1.042006817782707706e-03
8.216274153035640557e-03,-2.934055126317823472e-03,2.250416122441903279e-03,-2.904075772243579299e-03,-5.986164071239232810e-03,-1.439048470555280568e-02,-6.472391287536167917e-04,-1.917249806438725904e-02,-3.853149290374444785e-02,-1.872237820282372789e-02,-8.649243622871742934e-03,2.171958022725828732e-02,-2.249970505436792514e-02,-1.314352664119596004e-02,0.000000000000000000e+00,-1.442750390993555003e-02,-2.229717812896673049e-02,-9.944657510946891543e-03,-1.274049620699722928e-03,-1.195190723502122070e-02,-3.352827578005958698e-03,1.146875110967316737e-02,1.125906193502757696e-02,2.421358013412490927e-03,1.250680023793311439e-02,-7.662775135221211974e-03,-6.641317817281812419e-03,3.322978029893377400e-02,-1.399926176825751862e-03,1.111968836540530407e-02,-1.028765576088838500e-02,2.335174797049859377e-02,3.500647113336380605e-03,-1.465985671074806172e-02,1.059086546125615445e-02,-6.991949650384285397e-03,-4.437287614570062204e-03,-1.723980145279391599e-02,-9.007429020081163251e-03,1.694793194043289026e-03,-4.469164808024816971e-02,-1.995710814633656210e-02,8.722174484288939536e-04,-2.343155935268823389e-02,-2.787194198574714787e-02,-5.199488058079412313e-03,-4.185125230701165246e-03,2.696375190729825497e-02,1.424877538758014157e-02,-6.324570708743477813e-03,1.809975598878789567e-03,-1.107483518136757709e-02,3.952557371241914586e-03,9.223179086503743157e-04,-9.325012943944216773e-03,1.899803888429250562e-02,5.398998754042184933e-03,2.134781598976032493e-02,3.725504362157832511e-02,-1.836748914938975520e-03,-1.185544511092811136e-02,1.950176555753306909e-02,-1.019270052030870136e-03
1.055311794665797671e-02,-3.396502811818374271e-03,2.268763026721417123e-02,-4.821648758338528684e-03,-1.171645221561107807e-02,3.133479857621367104e-02,-9.430614751024879797e-03,1.946250875020611587e-02,1.009022373853167738e-02,-4.327198124001765435e-03,-6.393250615250273099e-03,1.551830183096097231e-03,1.712037709514682704e-02,-9.035822466531553618e-03,-1.442750390993555003e-02,0.000000000000000000e+00,3.678483115704699741e-02,8.387198010864479678e-03,-1.386069465574398842e-02,2.001040864614636334e-03,-5.639728084756722576e-03,-7.692551890661113168e-03,-6.239322624734671384e-03,-8.782637261143330307e-03,-7.034858513710298862e-03,-1.213764410614937629e-04,-3.588562594723681762e-03,-2.337469269559602509e-03,4.018027581601558984e-03,-5.436329347140896918e-03,-7.856259665464902786e-03,-2.101700999619374180e-05,7.231022688213079551e-03,2.241486954380908850e-02,1.617470605784399398e-02,-6.596790789187498283e-03,1.329172214336652585e-02,-1.623364008458623312e-03,-2.238383885947295762e-04,1.522440954069321367e-02,6.624494948916979931e-02,6.173952261109024071e-03,-3.411668319617941567e-03,2.319835180644691866e-02,6.123531334365280715e-02,1.582214581101645812e-02,4.014211781564934467e-03,-7.148692191442579565e-03,-6.493980133925048893e-03,7.469305661118227739e-03,-5.385734274133060530e-03,-5.081482298283181154e-03,-7.177412662008864595e-03,-6.360137678635348520e-03,-7.406670636762971958e-03,-4.771948641171811639e-03,-5.530393480050805298e-03,-6.816142349520874777e-03,-2.903378076614046566e-03,-1.074458009391767409e-02,-7.760925873000079460e-03,-4.053770533495472568e-03,-1.228270922769115168e-02
1.173456788099808829e-02,-3.921712873520465971e-03,2.305081523019108722e-02,1.059588100780983928e-02,-9.148933451289371910e-03,-1.063194961125022570e-02,-7.699618463799337564e-03,1.384657620745888273e-02,-7.873218146661033548e-03,-1.337040359235724257e-02,3.864809327625745843e-03,1.153008440135963771e-02,8.705365546316012892e-03,-8.387623850557850147e-03,-2.229717812896673049e-02,3.678483115704699741e-02,0.000000000000000000e+00,5.433355875285791198e-02,-9.920882325395743995e-03,-7.667144292369876442e-03,2.207257261542007465e-02,1.848570079465210181e-02,-8.430775300892557125e-04,-1.023818564429962441e-02,-4.447152570305023048e-03,8.466791985563262499e-03,4.001444951366887881e-03,-5.967045829443880581e-04,-5.154952982309455971e-03,4.006326251087676850e-03,-5.798470837503192678e-03,-1.228065876848647049e-02,2.244630722751607063e-02,-1.548024341660232716e-03,8.393028228673717409e-03,-1.072950928175180193e-03,2.578072386976782218e-02,1.460322830479553191e-02,2.343575119752015767e-02,1.165601363414734033e-02,4.479960779764130541e-02,-1.106126252443279633e-02,-6.064229286965802657e-04,-2.245028533273718541e-02,1.420467887930662761e-02,3.362419036100204595e-02,-1.308010205082112826e-04,6.197956616747633991e-03,2.295697276118805960e-02,5.324521929247479773e-02,8.257976826528430972e-03,2.834583995587666022e-03,7.436344810465535943e-03,-1.752804142973894393e-03,-3.863759312012966709e-03,1.984902845686277711e-03,1.412405246060290803e-02,6.142753045892256070e-03,3.081559313184050949e-03,4.396876412801688748e-03,-1.261063556509571049e-03,5.157500321953415075e-03,-1.087893381497264354e-02
-4.338932189881587222e-03,1.978584724616650956e-02,-3.859084109706943655e-03,3.157834153885369366e-02,5.212066773844542707e-03,-3.425881116848646189e-03,-9.093775072612888047e-03,-4.584748484836281834e-03,-1.913650641763009821e-02,-1.603351611056371209e-02,-1.615946923846195774e-03,3.305819968254117280e-02,-2.703793884045838179e-03,-1.490442726056377676e-02,-9.944657510946891543e-03,8.387198010864479678e-03,5.433355875285791198e-02,0.000000000000000000e+00,1.228549903183866025e-02,7.732945672452536980e-03,7.792944654703777563e-02,6.826766989663796831e-03,-3.636798654362904254e-03,-1.159228015716884386e-02,-2.486184420256590602e-04,9.987375812367268665e-03,5.482800145870002188e-03,6.597746818414814036e-03,-1.733932816474515750e-04,7.860992468736484329e-04,-9.064779523547030621e-03,-9.258606929961747320e-03,1.262948594476281244e-02,-6.740226652990810065e-03,6.862983403607269585e-03,4.137624242289269366e-02,2.384212746125758536e-03,6.536296129658142329e-03,2.283978005385061891e-02,-5.587847267246735111e-03,-4.872972967113833875e-02,-7.706793512902192049e-03,6.916904155646527545e-03,-7.907415943376608705e-03,-1.367206574416635588e-02,3.821592931689583080e-03,-6.756571251607868499e-03,2.959051831441898272e-03,3.087246857393080579e-02,6.995677781325286559e-02,3.344236150661020202e-02,-4.352035558916240304e-03,3.528801615080867995e-03,5.972580028887399672e-05,-1.479551569647257446e-02,-1.173341842901116797e-03,7.322611711383282714e-03,5.133791385587169361e-03,1.418783950436039833e-03,6.531146934540813485e-03,8.757366068949654081e-03,-5.859827959837670026e-03,-1.678479079634768696e-03
1.710633593470019947e-02,1.070450875443903355e-02,-7.848963303625973789e-03,1.264828667448999674e-03,-7.662706931516588722e-03,3.038174008694898790e-03,-3.199818491362077435e-03,1.592908405581707626e-03,1.186163164419797023e-02,-4.344553553593152352e-03,9.249222370145282349e-04,-7.710161764105812575e-04,-1.999100906345394404e-02,-2.910498841622381760e-02,-1.274049620699722928e-03,-1.386069465574398842e-02,-9.920882325395743995e-03,1.228549903183866025e-02,0.000000000000000000e+00,-1.216221601637572413e-03,8.650867926836948787e-03,1.348902811721372974e-03,1.856897327526819963e-02,-1.199496726200774237e-02,-1.011996816102268999e-02,9.722569126072852161e-03,-3.928144510173897652e-03,-1.032663088715133660e-02,-7.034186677225087204e-03,1.753819161624020281e-02,1.133897542313939445e-02,3.903229817157729750e-03,1.422059692446603872e-02,1.921484868732753265e-03,5.041563038395884336e-04,5.631045058814124031e-03,-1.730072488175670928e-02,-1.046938755884577188e-02,-3.523339162878954146e-03,-2.834250199301136756e-03,-4.779507831215432795e-02,-1.124977093012095343e-02,2.709820099385138945e-04,-3.252828861775742490e-03,4.179477319753578668e-03,-1.028341656369681327e-02,-5.284960728272687820e-03,-6.722265689636429398e-03,1.243901418568065832e-02,1.852536410693013738e-02,2.929279756605589549e-02,2.669013058193161580e-04,1.531202423199459371e-03,-5.263483920349895477e-03,-1.471701432894972211e-02,-1.262579724901830838e-03,9.071683053480290870e-05,-7.100534153428445655e-03,-1.298128724919901146e-02,2.604219309622786763e-02,1.209701072543969448e-02,-1.105497311899281349e-03,1.181802983081102314e-02
9.521845121944221349e-03,-2.321688043007483996e-03,-4.644625519915439142e-03,6.481924756464502169e-03,1.609873307838781756e-02,-7.138704004801735455e-03,1.716294180078702320e-03,-6.472708928450348481e-03,-9.816043374500467086e-03,4.743322107641838488e-03,1.168511378714154336e-02,2.921123238244724765e-02,5.063750959876199033e-03,-2.388851177308259216e-03,-1.195190723502122070e-02,2.001040864614636334e-03,-7.667144292369876442e-03,7.732945672452536980e-03,-1.216221601637572413e-03,0.000000000000000000e+00,4.014360440611049186e-03,-8.217990983862224000e-03,-7.010290806373766122e-03,-2.061200650834186382e-02,-8.100460876519487499e-03,1.411996944640156980e-02,1.031004361537166169e-03,3.742576994967860334e-03,-6.314507767144719730e-03,2.670020286071705332e-03,3.937902312940670842e-03,-9.626986441216642135e-04,1.307891062255209062e-02,-3.199070522091716361e-04,6.777809661968094146e-03,-8.453164076450350381e-03,-9.694054050376723535e-04,1.588796606716034359e-03,3.829720398220288341e-03,-1.206306248047555284e-02,-1.150217482635086837e-02,4.683154051993422724e-03,6.614715672106837594e-04,-2.874857341479371883e-03,1.062409712032799962e-03,3.703992721546493696e-03,7.112703205351050351e-04,4.265174197360395436e-03,5.518887592485377698e-03,1.285817920301769550e-02,-5.325927550683177275e-03,6.796576003457938282e-03,-1.612587442029887914e-03,-4.434475876816263156e-04,-2.793427032549515229e-02,-4.008944193134007447e-03,8.756656122503158474e-03,-6.587214079821653717e-03,-4.917227306671881175e-03,8.657415577822763497e-03,-7.528640705014103159e-03,-1.459280671466871770e-03,-6.053813035100317520e-03
-5.998070982087382215e-03,-7.990892689122440842e-03,1.361813831270433260e-03,-7.391162267759582305e-05,-4.470453562401671341e-03,1.008368961086633132e-02,7.718974525234613589e-03,1.443805011270905823e-05,3.043835216314366970e-03,6.265224057281328779e-03,-8.717375905224715579e-04,1.112053192204929229e-02,-7.865593370973804344e-03,5.127275389958715207e-04,-3.352827578005958698e-03,-5.639728084756722576e-03,2.207257261542007465e-02,7.792944654703777563e-02,8.650867926836948787e-03,4.014360440611049186e-03,0.000000000000000000e+00,1.773959819951377928e-02,5.984870698750849490e-03,3.015897653600329090e-02,-1.096063279424710178e-02,5.342038657699711875e-03,3.045220909100582966e-03,-2.507236802760581459e-03,-1.005212621277870762e-02,-1.900377294671574653e-03,3.039982880794540876e-02,4.555773669354042620e-03,-3.742310233307096726e-03,-6.351043615414241061e-03,1.279755026573108946e-02,1.733029465030442402e-03,5.893449206938861269e-03,-4.629020927264365301e-03,3.422206049489544960e-03,3.547561053976522761e-03,-1.887499381434240217e-02,-9.225466847429312361e-03,3.017157269552135299e-03,3.382684972406371088e-03,9.736673440819951231e-03,-6.420086587592875593e-03,2.295207386640467102e-03,7.558145824007503344e-03,4.821114532056654939e-02,4.202912915219213924e-02,8.026552570107965343e-04,2.865099929889828798e-02,6.687322321754688749e-03,1.072005256285973179e-02,-1.391233259510605029e-03,1.473937218809581035e-02,8.135745991423477819e-03,-6.162161478339020504e-03,3.458787424141395676e-03,1.048840158947860444e-02,-3.249618679787517200e-03,2.468491155735005795e-03,-4.576250411154870155e-03
-3.360236359466558468e-03,-1.149533037980824540e-02,-2.374884730796018514e-02,3.253710610376459728e-02,-6.030127695710329333e-03,2.951874417642376403e-02,4.667800888552575862e-03,-9.167281201707812993e-03,-5.005404884986762448e-04,-5.075237976561093080e-03,-3.709029692551854811e-03,1.602040454625297539e-02,-1.541123580389740233e-02,-4.322564798745342531e-03,1.146875110967316737e-02,-7.692551890661113168e-03,1.848570079465210181e-02,6.826766989663796831e-03,1.348902811721372974e-03,-8.217990983862224000e-03,1.773959819951377928e-02,0.000000000000000000e+00,2.216426038536348665e-03,5.991983662574063528e-03,-1.301493960665617289e-03,-2.305187626300298723e-03,2.520768729583861695e-03,-1.585711269832223687e-03,-1.022515821815941786e-03,2.139486308898177688e-02,1.918311398708398216e-02,-6.181829770943944764e-03,1.255901356209230234e-02,-3.809632295169884057e-03,6.881919820580195170e-03,2.804554883569276499e-02,2.281262756659173298e-03,-1.348872356051737144e-02,-1.312991921931342711e-02,3.673283856198537260e-03,-2.387637532256934800e-02,-1.225843493513567410e-02,3.378732183610901833e-03,1.960633378785136324e-03,1.904195397498311684e-04,-8.566241485068026157e-03,-1.130628070366923588e-02,-4.370950711244026531e-03,2.890045259978563682e-04,-4.144799784605061703e-03,3.113682017046795394e-03,9.444627730583306235e-02,-5.213823962630977776e-04,4.359752751870882986e-03,6.413815975269781394e-03,-5.934894554306767607e-03,7.254376166505317226e-03,-4.365503041949798414e-03,-2.763890824694291339e-03,4.846327842701314559e-02,-2.747299694693493190e-03,3.700484218120911328e-02,5.272022353168981379e-02
-5.149337086125381491e-03,-6.808966366819786849e-03,-1.542450158553350208e-02,-7.741486842245961890e-03,-2.088898886404787734e-03,-6.990865963534222648e-03,7.288292685256834167e-04,-8.952436696107747213e-03,-1.613445620635511196e-02,-4.877620157699096883e-03,6.655926200021981994e-03,4.186819467677523748e-02,-7.392467052368522501e-04,-4.210037117315591944e-03,1.125906193502757696e-02,-6.239322624734671384e-03,-8.430775300892557125e-04,-3.636798654362904254e-03,1.856897327526819963e-02,-7.010290806373766122e-03,5.984870698750849490e-03,2.216426038536348665e-03,0.000000000000000000e+00,5.571183507992186895e-03,-5.532535840708519177e-03,-3.551098350258092857e-03,1.823188591835480906e-03,4.986566683792521305e-03,6.210762253254440736e-03,-8.756243920046334617e-03,-2.046996814549174350e-03,1.299272641192335091e-03,-5.086516506051620874e-03,-2.429595359308844990e-04,-6.010820923600612709e-03,-6.230540165097983585e-03,-1.034126251292848998e-02,-7.254431289233802260e-03,-7.428646930019133223e-04,-2.111638287047733556e-03,5.763688959472407225e-05,1.474196457372996955e-02,4.843380649060146335e-03,-1.083147638784279741e-02,-1.020522429419509249e-02,-5.134486835234657216e-03,-3.562360199649977632e-03,2.010780281069087655e-02,-3.983453697028710438e-03,-5.780343163002223117e-03,-9.602259021052311078e-05,4.397845951399140252e-02,5.852235621814585835e-03,8.579155200101050080e-03,-3.227899509375536328e-03,1.619641895219470565e-02,7.287442642035991958e-03,-3.306163252911562770e-03,-7.708333930519809148e-03,3.555393412948990983e-03,-2.504008926825777425e-03,1.587694686041103698e-02,4.808231416219835123e-03
1.561068921341631117e-03,3.978900955524235748e-03,5.281493562440294810e-03,-1.117483638227324654e-02,2.554538953097739657e-05,-1.306001195554169249e-02,-1.122022781052142010e-02,-3.879829249520531844e-03,-1.748577803012358461e-02,-4.883026669213992111e-04,-1.125469901510882690e-03,-7.578239075979899958e-03,-1.037320986998560568e-02,8.382925825059282451e-03,2.421358013412490927e-03,-8.782637261143330307e-03,-1.023818564429962441e-02,-1.159228015716884386e-02,-1.199496726200774237e-02,-2.061200650834186382e-02,3.015897653600329090e-02,5.991983662574063528e-03,5.571183507992186895e-03,0.000000000000000000e+00,-8.669392587178298762e-03,5.506941467783733196e-03,-7.985833339181874768e-03,-2.208009354510645592e-03,4.349808100621189587e-04,-1.023951738444464112e-02,-6.132973290992296996e-03,1.380087707661964251e-02,3.226268810632177829e-04,3.343337274302984885e-03,3.817506707261269106e-03,-6.249675715725634684e-03,-8.640937528672541085e-03,-4.623996493439625974e-03,2.221997405293672442e-02,-9.355186402128162076e-03,-6.234038769103969653e-03,-1.086407880980365392e-02,-4.846305474355075589e-03,-3.243767286034889615e-03,1.984348334523751076e-02,-3.942702729117977985e-03,-3.126666232121664505e-03,3.958530430424976078e-03,-2.307878836385403396e-03,3.556779012188988898e-03,4.598000110486963853e-03,9.597050060295578625e-03,8.663034189978824134e-04,1.510045432379993925e-02,-1.461192795502581389e-02,-2.210784205523083287e-02,-3.841452618665672919e-03,-3.672542924841071341e-03,1.459852166021260479e-02,-9.585049760046652351e-03,-4.564785029905601456e-03,2.467402028173446699e-03,-1.143637224118710521e-02
