0.000000000000000000e+00,7.357668100398125077e-02,4.657053584160699561e-02,-1.036824189531696319e-02,9.044775051867653959e-03,-2.146944088253399316e-02,-3.435215266859942274e-02,-2.835120039725446892e-02,3.160366798458934950e-02,1.298323534671567275e-02,-1.421627679490061746e-02,-1.082997011954496547e-02,4.972017691632369882e-03,1.575285516741184834e-03,1.401686681417172592e-02,1.427136366427342144e-02,3.328395792322336177e-02,4.235336845110406617e-02,4.041869464945905405e-02,3.853148061460759388e-02,-2.033516781694775025e-02,-3.465198315860845701e-02,7.146868583425670420e-03,6.157816602052121335e-02,-3.944479073527679125e-02,-5.532993279880201593e-02,1.984824057626663474e-04,-2.880365427948790649e-02,2.258426370444916245e-02,3.591969349982963855e-02,-6.466159133706271718e-03,4.037537018989537270e-03,1.769253847652439704e-02,-2.919821668478286142e-03,1.724097708244540228e-02,6.397811410181862557e-02,-2.166737009462621141e-02,2.685187639770916790e-02,4.729539126894347079e-02,7.711093041623624800e-02,5.134379314641480084e-03,-4.831567609439619583e-03,-1.461748608980421339e-02,1.990375536952657468e-02,-5.807721552309711051e-03,1.183869447308741850e-02,-7.967033132630420289e-02,1.023618935043688928e-02,3.617970423169691169e-02,4.467060716199356546e-02,2.935655685345907318e-02,-8.476272157767741552e-03,-3.018030752009947040e-02,-4.614512189020610229e-03,3.939883697675465590e-02,3.080724183244501566e-03,-3.760801405193357067e-02,-2.421937475861798191e-03,3.361513388712527445e-02,2.664697718504109927e-02,-2.233608215985952508e-02,-7.978208807211740680e-03,3.354123895019382740e-02
7.357668100398125077e-02,0.000000000000000000e+00,1.035346800410210794e-01,6.360026089163514640e-03,5.012355312385244344e-02,1.033795808508486576e-02,-2.171260555144287688e-02,7.171111378301328609e-03,4.045933088683129064e-02,-2.014193912721148547e-02,-4.810621110177418225e-02,9.810052708393180582e-03,-2.780742609240969849e-03,-6.646796105615116433e-03,-3.680234089097621317e-03,-6.593385334552222081e-03,-6.057740638128583655e-03,5.808954632846851382e-04,-6.237572546259384336e-03,-1.072966827315674802e-03,-3.009073596953900503e-03,3.286123079252446094e-02,-1.327554370867532231e-02,-7.303267268361259001e-03,2.284390316005677213e-03,-1.418371943719803213e-02,-1.083583444948956441e-02,-4.917209629511528485e-02,6.096572465506250164e-05,-1.731055029372603749e-03,7.787653737979585711e-04,1.825587734300328918e-04,2.017326859476897480e-03,7.065146405658777329e-02,4.461756682232251997e-02,1.522658909562199792e-01,6.134948286968832515e-02,8.118975721741876830e-03,3.089213535954469722e-02,7.483217248408709221e-02,-1.601183323052149735e-02,-2.854457415768770281e-02,-8.389895782968982696e-03,-7.312000558677068940e-03,-9.432379080749261078e-04,-2.091992837270966517e-03,3.954949522275740155e-03,6.278293608622198541e-03,-1.024199647162815814e-02,2.833919473836337636e-03,-1.041027816034301341e-02,1.376936410560311271e-03,1.914313294349990688e-02,-1.971266688093398570e-02,-7.679072586364133791e-03,-2.946213970648664526e-02,-1.997234243220142452e-02,-3.026768740422356926e-02,-1.282263207331099664e-02,-2.638881446427240873e-02,-1.349586767396770276e-02,1.718441098206111668e-03,3.408574285866459302e-02
4.657053584160699561e-02,1.035346800410210794e-01,0.000000000000000000e+00,-3.436755596411571190e-02,1.219436591886704190e-02,1.502798884896627135e-02,-4.552387898170007219e-02,-4.141829935949613989e-02,4.961343492202467155e-03,3.433227452326666901e-02,-7.417725235498742915e-03,-5.110629128435724075e-03,9.317552648121577019e-04,1.184372470341372996e-02,4.042959676365610183e-02,3.292356262682885615e-02,6.887343905755180518e-02,7.758013895571817808e-02,6.091444537136581072e-02,6.365223509522190126e-02,-1.037049127095180691e-02,-3.185653454568858345e-03,7.597143599268134893e-03,7.490719423292661883e-02,-4.250736856901895372e-02,-1.875841022327890892e-02,4.202216239232638845e-02,-2.674038252176757016e-02,7.465483767118610836e-02,2.945029044703205076e-02,-8.089492150482713306e-03,3.732194883552446968e-02,-3.460528203404829306e-02,-4.839355472670454905e-04,7.349649235430101568e-02,-3.166140656674878290e-02,4.324408317104100861e-03,3.447101892962826236e-02,1.084220216893791305e-01,-5.444079401421727561e-03,2.515461775558374205e-02,9.822642529112457499e-02,-8.497422480838200121e-03,1.519761084512418229e-03,7.666501382723362595e-03,-5.499203850265610557e-04,-7.486137573378498500e-02,8.670441003166049973e-03,5.891875085978156429e-02,7.843473834925888954e-02,4.459376510160937418e-02,6.776325614746611832e-03,-6.136730658168253368e-03,6.118852669785683495e-05,5.269416686379106013e-02,1.140479122868549855e-02,-2.876127121411535884e-02,1.003462084682951207e-02,6.699785707178979033e-02,4.471725134666388463e-02,-5.149440740317357684e-02,-6.235997600627346538e-03,1.532748392373693529e-02
-1.036824189531696319e-02,6.360026089163514640e-03,-3.436755596411571190e-02,0.000000000000000000e+00,-3.520135374095135355e-02,-5.468590453669978230e-02,-2.911482841319740830e-03,1.255553311527546345e-03,6.279061301381005933e-02,-1.426026146967353941e-02,-1.935194887099522809e-02,-5.950532251768905767e-03,3.662225165219108042e-02,1.567712799184893535e-02,8.337262734913040985e-02,3.580016849096168824e-02,4.101226785398797564e-02,5.205991304224680261e-02,3.826062642219649895e-02,4.395616510946902949e-02,-1.187572744318811553e-02,5.762435335588272922e-02,-5.571383311964155961e-03,5.695710017187211038e-02,2.678097438412195205e-02,1.109745303293248608e-01,-7.030043647420505804e-03,-2.667075780835814411e-02,5.165612836208712672e-02,9.678977758260499595e-03,-2.428619405722368466e-02,-3.027416945997951289e-02,-4.117594932117628337e-02,1.548593424474292539e-02,7.086470717798888652e-02,-3.700446854539782282e-02,3.986338549935008330e-02,-2.171445158872247969e-02,1.717286737799418248e-02,2.601468022509083322e-02,4.360022466627938575e-02,-8.892850515459552532e-03,1.581591644489681661e-02,3.128720959684163500e-02,2.592150819910117934e-02,4.409254487813369511e-02,5.352969040143527174e-02,2.803630184952543569e-02,3.422402968778308352e-02,5.650206212959884428e-02,2.671138577806740286e-02,-1.142369898781767264e-02,1.405043337664157142e-02,-4.601054356188088827e-03,3.811064267076895440e-02,-5.711434893605572827e-03,5.480827886575397045e-03,7.180151279509763276e-04,3.397765162943988670e-02,8.603486268369453863e-03,-2.221016743194775822e-02,-1.898296412689951321e-02,-1.981782979840713416e-03
9.044775051867653959e-03,5.012355312385244344e-02,1.219436591886704190e-02,-3.520135374095135355e-02,0.000000000000000000e+00,2.284807952666155495e-02,-6.387181838219142122e-03,3.756776386090109748e-02,-2.259696166823199279e-02,-2.297878982414349250e-03,2.165194447031306129e-03,5.467467454360244901e-03,2.982939084161183654e-02,1.260619819798590273e-02,-5.384270578097584588e-03,-5.152470445859134475e-03,4.422962781105676568e-03,5.214161116704394555e-03,-1.428039655198804587e-03,-1.228983024020299103e-03,1.151080349563654570e-02,2.693607517594426293e-03,-3.521065733821086233e-03,-1.001946979292625724e-02,-3.127789174247665085e-03,-9.106271298853212126e-03,-7.529605034481782208e-04,-1.362650305789101651e-02,3.509193327037566507e-02,-1.267468766016042331e-02,2.082921748500031478e-02,1.500252066410052466e-02,-3.425840674210121201e-02,7.670786805770007759e-03,4.037920385893634112e-02,1.791050869706970264e-02,-3.610698916395074093e-02,-1.314430532689935156e-02,4.714928376317368414e-02,3.648195143325199535e-02,1.464595817789432312e-02,1.582918200286709612e-02,2.840042082575158777e-02,6.425095936350964237e-03,-6.467339527054301145e-03,-1.518827952761257934e-02,-8.470130598915680264e-04,-2.922314884480440352e-03,4.885284109154165895e-03,3.127129120650889212e-03,2.658746644103236051e-03,1.150490900538501081e-02,3.599013338987870625e-03,2.194801056242239728e-04,-6.166306458660550383e-03,-1.458951038189292872e-02,-1.059401696062003961e-02,7.214891248689746933e-03,-2.945327322262313811e-03,-3.112478565843861903e-03,-1.168863978211962494e-02,2.569644391557393548e-02,-2.821668116023598460e-02
-2.146944088253399316e-02,1.033795808508486576e-02,1.502798884896627135e-02,-5.468590453669978230e-02,2.284807952666155495e-02,0.000000000000000000e+00,-1.959588876399672233e-02,2.586526781280427609e-02,-7.016769020991028318e-03,6.729320572346227276e-03,-3.477501035362819820e-02,8.670937748055107530e-04,1.508230964505240246e-02,-1.411330579689211440e-02,-1.433053648115029284e-02,2.997249630189280974e-03,4.831017309688856974e-03,1.133014459922933835e-02,4.827177719139681168e-03,-1.882485968441379972e-03,-1.164710378831591321e-02,6.703424273799458294e-03,-2.575312848593504580e-02,2.055543407965929742e-02,-3.165881955052413099e-02,-5.035855707827176751e-03,1.824257566493396251e-02,-2.926789156952181933e-02,-1.281964707018896747e-02,2.606731323202555670e-02,-1.299292198368522284e-02,-6.020769528553307492e-03,-2.131780712958514235e-02,8.021312390116160790e-03,-3.310815105029768501e-02,6.259692444478417994e-02,-2.816310393600844272e-02,-2.347225467582005065e-02,-2.353035404299263014e-02,7.792710546705323982e-02,-2.195593231628892306e-02,-1.804550936746294673e-02,1.202135194506562428e-02,6.462056566877123244e-03,2.105657466535962310e-05,3.039938935184610582e-03,-3.478275869184896396e-02,-8.228728054490723823e-03,1.052421454607972533e-02,9.945439268962517551e-03,-1.100558856577083487e-02,-1.255657517595385429e-02,-1.698840907766005492e-02,-9.596202141666282728e-03,-3.661837024389111208e-03,-2.014166729037762324e-02,-4.970352618419191654e-03,3.466130668174088880e-02,4.547937694692783493e-03,1.443037401449161032e-02,2.162269413019859629e-02,-1.833865647801671828e-02,6.843894533940381164e-02
-3.435215266859942274e-02,-2.171260555144287688e-02,-4.552387898170007219e-02,-2.911482841319740830e-03,-6.387181838219142122e-03,-1.959588876399672233e-02,0.000000000000000000e+00,-2.680877460525414244e-02,-1.877157293850317127e-02,-9.985149222448514925e-03,7.570809636801214583e-03,6.559843941534602985e-02,-1.368622035305791344e-02,-4.937483718176553273e-03,-9.359565832082569758e-03,-1.374615197404242817e-02,-2.501427725523993131e-02,-1.940006601780546944e-02,-1.834112718791608421e-02,-1.399755032556262817e-02,1.958612306632339164e-02,4.538957186722627525e-03,-2.496866390575866283e-03,-1.366636439746547749e-02,-4.126370240713976394e-03,-3.917128896172011876e-02,4.145886431824338803e-02,9.529609845510147656e-03,-1.174559633498229415e-02,-6.279982751039840487e-03,-7.829308178693880974e-03,1.345321539397099919e-03,-3.077192658889504884e-02,-2.887908753632964162e-02,-4.551766248272026694e-02,-4.947352559077875661e-02,-3.330302941781245699e-03,-7.450640713867858617e-03,-1.263890800373020096e-02,-4.046313395729631696e-02,-6.016831607045424607e-03,7.618127949456335313e-02,2.775718142922609100e-02,-1.253373090045419545e-02,5.293775333459398678e-03,-6.133090663829767093e-03,-1.530741421146089402e-02,4.025262312561018324e-02,-1.575353935497203484e-02,-1.508418587305947710e-02,-7.265042053007026053e-03,-6.969461175547186742e-03,-2.267109036119416277e-02,-8.506302059025276294e-03,-1.593391253970923016e-02,5.029859578483328320e-03,2.199002509567712926e-02,4.023837091613758493e-02,-2.615410157636488802e-03,4.488186916267664951e-03,-3.118618518308565249e-02,2.340852102219788400e-02,-1.342151475655226599e-02
-2.835120039725446892e-02,7.171111378301328609e-03,-4.141829935949613989e-02,1.255553311527546345e-03,3.756776386090109748e-02,2.586526781280427609e-02,-2.680877460525414244e-02,0.000000000000000000e+00,-2.877959485711474238e-02,1.379718862875037311e-02,7.580300938120499571e-03,2.527840938922359948e-02,2.769828928470222454e-02,-8.208451891961768623e-03,-6.450493191143070841e-03,2.027739259894866669e-03,3.836062968915659316e-02,3.215336925846956628e-02,3.731285942046261989e-02,1.154723374174714857e-02,-5.077311143606287602e-03,-3.793165100672370171e-02,5.345724653826905426e-03,4.842354804609735192e-02,-3.431682143902537591e-02,-6.571856123111514958e-02,3.694210566366114886e-03,-2.254293810950708243e-02,1.341123118694049349e-02,4.261043522559061943e-03,-1.128494269573649365e-02,4.205802884948196124e-02,-2.785737948924072935e-02,-2.475430361428427803e-02,-3.869095389460702056e-02,-1.533835735467458002e-02,-2.182574727485714350e-02,-2.646105387774845205e-02,6.015047091064564672e-02,-2.486748317647130557e-02,-1.068465789936285867e-03,5.161803094917405930e-03,4.531021881822531322e-02,2.057005954082188892e-02,-1.562343301199098887e-02,-8.292499180444433751e-03,-8.580774559966862503e-02,3.693848923250801081e-02,2.628376081165422970e-02,1.915721687677115689e-02,7.517870081814208467e-03,8.608670603737239579e-03,-3.863470399002928019e-02,-7.056802966134440719e-03,2.043346396285653302e-02,-3.377137547276095751e-04,-3.078811027653287000e-02,-1.341740380614566373e-02,3.252562488601214857e-02,4.025175672672182126e-02,-1.247581335873756275e-02,1.338534678789194375e-02,5.651829217618919987e-02
3.160366798458934950e-02,4.045933088683129064e-02,4.961343492202467155e-03,6.279061301381005933e-02,-2.259696166823199279e-02,-7.016769020991028318e-03,-1.877157293850317127e-02,-2.877959485711474238e-02,0.000000000000000000e+00,-1.709284917689922467e-02,-2.248862377582995595e-03,-1.169861790773628167e-02,-2.896609844720861044e-03,1.650967742303617591e-03,-9.150746717238726277e-03,7.573424916853256335e-04,1.390973016647587110e-04,7.777093949420559212e-03,6.510818273881744354e-03,1.031070858821750945e-02,-1.359043103186421096e-02,1.588031513350309258e-03,-5.126450567617828235e-04,9.017720544460164356e-03,-3.137154966993174060e-02,-1.776576415378492216e-02,-1.590022282418710950e-02,-8.886715937267806661e-03,-4.829556317187289928e-03,8.425024975062015212e-03,-8.541322065265795002e-03,2.598957370912884091e-02,5.428080773044362956e-02,-3.736448114426235267e-03,1.749283863100773578e-02,-8.443803868526526465e-03,4.255429908188237964e-02,-2.193186032922489134e-02,1.935640111216861345e-02,-7.917872633794412196e-03,-3.591238955513889001e-03,-3.069162387446302317e-03,-5.871738341581861365e-03,-3.047203405223613409e-03,-7.989661741390619151e-04,2.560004322448227940e-02,-2.033169112251626345e-02,4.903375056338204335e-02,1.656201158223951459e-03,1.280819680727136173e-02,5.141838778098134673e-03,-9.668066485741588778e-03,1.164560917046650323e-02,-1.153116061558884069e-02,7.074322994950799776e-03,5.965637666984741072e-03,-2.525600763635066359e-02,4.973568956649161189e-03,8.681124025115111512e-03,-1.562355685828841628e-02,-2.106548046715965572e-02,-1.410302995718129039e-02,-9.226800113076244828e-03
1.298323534671567275e-02,-2.014193912721148547e-02,3.433227452326666901e-02,-1.426026146967353941e-02,-2.297878982414349250e-03,6.729320572346227276e-03,-9.985149222448514925e-03,1.379718862875037311e-02,-1.709284917689922467e-02,0.000000000000000000e+00,-2.650433419180699916e-03,-1.543248614233134162e-02,-8.103147518410389050e-03,4.287116523005121693e-02,1.271510450742232602e-02,5.872363710366024052e-03,-3.691516278264514450e-03,4.116724104419019863e-03,4.976865300236160174e-03,1.613960843700232642e-02,-3.495669928129954262e-03,-7.144508800504000695e-03,4.347586625522417009e-02,-1.190293976746890003e-03,-2.496222892008027536e-02,-3.378444648444309945e-02,8.359925579230537140e-02,1.233655610755028664e-02,2.595081556687572899e-02,4.697938762106062399e-02,-1.394795531792392997e-02,-1.877831277584482428e-02,-1.609675510742525004e-02,2.211052344643135714e-02,1.407147267376183952e-02,2.660269955224127056e-02,-3.162568351793793465e-03,5.086870203740305289e-03,-1.113819618916847554e-02,3.176557798128826909e-02,3.334293581775273768e-02,-1.828839176133505509e-02,-1.812828840248551301e-02,5.301877963983877944e-03,1.310208909764831904e-02,-4.320036246160824660e-04,-2.927439509180832997e-02,1.663746204233105749e-02,4.215744774982401605e-03,1.234279453419264393e-02,2.071189144875398847e-02,2.004606402182636509e-03,2.262095513296131025e-02,5.117330207001698781e-04,7.160020913823270973e-03,2.522845745099190282e-02,1.264629201735878623e-02,-1.978390801047416256e-02,2.796412432935105590e-03,4.547994355401493299e-02,-1.078583841463358990e-03,-6.638802050477053164e-03,5.823363440782221984e-02
-1.421627679490061746e-02,-4.810621110177418225e-02,-7.417725235498742915e-03,-1.935194887099522809e-02,2.165194447031306129e-03,-3.477501035362819820e-02,7.570809636801214583e-03,7.580300938120499571e-03,-2.248862377582995595e-03,-2.650433419180699916e-03,0.000000000000000000e+00,8.470926305077719487e-02,-8.863031244558684449e-03,9.971306162432691522e-03,-4.287787973734811901e-03,-5.616446141980879075e-03,-2.441021047430751503e-02,-2.133647466234049953e-02,-1.651398175968091589e-02,-1.260006082154017416e-02,3.971239331940431411e-02,-3.958283404734710964e-02,1.899399206657942027e-03,-9.716484825381748250e-03,-3.220564608944333912e-02,-2.195255430330129640e-02,2.075519774528341091e-02,1.388058325791982107e-02,-1.975360493766374279e-02,2.743566717457476042e-03,-2.590948773152154314e-02,-3.835261638914781029e-02,-3.522595456660677221e-02,-7.251992974310238899e-03,-4.279435454739790451e-02,-1.334428431726938057e-02,-5.181448361146162411e-03,-2.246523202584559120e-02,-2.180258645902567738e-02,5.109905529713636976e-04,1.255425301430753392e-02,-7.497596408502514402e-03,6.499462547235838883e-02,3.655505424759881300e-02,-9.571876736328793073e-03,-1.210538302590204868e-02,-4.448769807159518724e-02,4.776287489190050861e-02,-1.804943767314941272e-02,-1.456713258001811340e-02,-7.713837188766566044e-03,-7.293368078244297920e-03,-3.154945640237930005e-02,-4.802383880444796409e-03,-1.592335717895192529e-02,2.649001670987788663e-04,4.470219839629702152e-02,-2.240169217941910193e-02,-1.783189855527965786e-02,4.701257581392732227e-02,5.151124160314306082e-03,-2.187449704272812281e-02,3.459616515098817846e-02
-1.082997011954496547e-02,9.810052708393180582e-03,-5.110629128435724075e-03,-5.950532251768905767e-03,5.467467454360244901e-03,8.670937748055107530e-04,6.559843941534602985e-02,2.527840938922359948e-02,-1.169861790773628167e-02,-1.543248614233134162e-02,8.470926305077719487e-02,0.000000000000000000e+00,2.128106663797926790e-02,-9.461312679464631628e-03,-5.318348760874449903e-03,1.409118550569786639e-02,-2.041615455401124893e-03,-6.577291432252902609e-04,-2.136730206077437546e-03,-2.824622664132168254e-03,5.035305129451028705e-02,-7.373239018025687245e-04,-1.106150102764668318e-02,1.222673714043871632e-03,3.840979303110986925e-02,9.285195633759424708e-03,3.417533059777420890e-02,1.072313382152550489e-02,-8.011469512711109908e-03,-5.836819618508685276e-03,6.043158006293569695e-02,-2.443324237192850620e-03,-9.582771066307269048e-03,-3.909318439071377514e-03,6.889954391137394392e-03,-7.756731240438217295e-03,-4.059312060492141494e-03,-1.514200885192438064e-03,1.987153780415143456e-02,-1.054645009943771909e-02,-1.155874839486191463e-02,-6.796904398600905201e-03,-2.883787857051191370e-03,1.057365570274153461e-02,4.549819146390326162e-03,8.905215886684639953e-03,7.435872378428499962e-02,-2.061474669652774844e-02,-1.401532905668263730e-03,-1.629374889748918696e-03,-2.411431030093589417e-03,4.504459257556061441e-02,5.132646504986840968e-02,-1.185940425512989338e-04,-5.952652341139017678e-05,-7.655887963435210192e-03,1.459524249673124600e-02,3.180926134607139910e-02,-3.994855477679131774e-03,1.629043168082222603e-02,4.724243001760002753e-02,2.517621733514008309e-02,-2.051666994770107166e-03
4.972017691632369882e-03,-2.780742609240969849e-03,9.317552648121577019e-04,3.662225165219108042e-02,2.982939084161183654e-02,1.508230964505240246e-02,-1.368622035305791344e-02,2.769828928470222454e-02,-2.896609844720861044e-03,-8.103147518410389050e-03,-8.863031244558684449e-03,2.128106663797926790e-02,0.000000000000000000e+00,3.867798150499197896e-02,-1.005464334010700575e-03,-1.271853327432921621e-02,-1.019471048928387129e-02,-1.069909651305310516e-02,-1.262007708826441525e-02,-1.276234618616042989e-02,-8.868056585491201557e-03,-2.565441376583794866e-03,-3.020599194081950278e-03,-9.524506000187685228e-03,-2.715659069709138243e-02,4.534057953423798327e-04,-2.943986817110795517e-02,-2.366094674575444298e-02,-1.836788420204527733e-02,-6.276867921254251047e-03,-1.761370772963140666e-02,1.230227065530050713e-02,3.238577084546637869e-02,-1.247653768677900628e-02,-1.110090178879744038e-02,3.562043189869872062e-02,1.638912144932090295e-02,-1.841365946127239070e-02,-1.591517444524426228e-02,7.900270162930106074e-03,2.440650706675040124e-02,-2.146127745693882441e-02,1.992856534993552378e-02,3.564155882789177276e-02,3.820291572779382157e-04,-4.411041135263864439e-03,-3.941036876536536254e-02,5.118291364008095007e-03,-9.516272171096341187e-03,-1.281746965394978989e-02,-1.110003258125833413e-02,1.379233135542555500e-02,-2.447004592907724499e-02,-1.276641966275280683e-02,-1.204285995302358490e-02,-1.143374129321106381e-02,-2.950757294041860337e-02,-1.417921046561044542e-02,-7.408749862169060167e-03,-7.511357249124096108e-04,8.823005061719237443e-03,-2.218191801378817385e-02,3.475689895546264091e-02
1.575285516741184834e-03,-6.646796105615116433e-03,1.184372470341372996e-02,1.567712799184893535e-02,1.260619819798590273e-02,-1.411330579689211440e-02,-4.937483718176553273e-03,-8.208451891961768623e-03,1.650967742303617591e-03,4.287116523005121693e-02,9.971306162432691522e-03,-9.461312679464631628e-03,3.867798150499197896e-02,0.000000000000000000e+00,1.170826786617093105e-03,-3.538413298873585838e-03,-7.119798137867172638e-03,-6.381971375876279058e-03,3.206736304804960421e-04,-2.680746884864775113e-03,-2.010403775590844603e-03,1.725452497539934835e-02,-1.657941462438273020e-03,4.503684119998008911e-03,3.633668650348823720e-02,-2.030542775903179577e-03,4.112588200109636855e-02,8.687236631635847015e-03,-9.775546165578540003e-03,-2.455164177402740198e-03,-4.574011887309130907e-03,-8.355023944186327697e-03,9.323562436245351123e-03,3.009827846301271412e-02,-4.719505677766498881e-03,1.140434421751082734e-02,-3.604758724861099970e-03,2.682327394231757631e-02,3.011672793350170241e-02,1.078683332584373655e-03,-6.923923277741002302e-03,1.578067415899529410e-02,2.313967994769863812e-04,2.443683836125103495e-02,5.321179992391451667e-03,1.215092847521510346e-02,4.829056799019685459e-02,2.441223340716288867e-02,-3.256364481391988645e-03,-4.275710745028828835e-03,-6.918423538845505476e-03,-3.902667561306699760e-03,2.633478247350445542e-02,5.060666892726882124e-03,-1.283790194976213274e-03,3.078617307033806438e-03,-6.806152789498034865e-03,-1.023513983006565410e-02,1.570135857867590830e-03,2.795249135445650526e-02,-1.443877356626394742e-02,1.267893958851226514e-02,-7.427849006860505476e-03
1.401686681417172592e-02,-3.680234089097621317e-03,4.042959676365610183e-02,8.337262734913040985e-02,-5.384270578097584588e-03,-1.433053648115029284e-02,-9.359565832082569758e-03,-6.450493191143070841e-03,-9.150746717238726277e-03,1.271510450742232602e-02,-4.287787973734811901e-03,-5.318348760874449903e-03,-1.005464334010700575e-03,1.170826786617093105e-03,0.000000000000000000e+00,-9.522858152929828887e-03,-8.171348692356708576e-03,3.330645700326026037e-03,-3.039536927534448787e-03,2.387761860442442000e-02,-5.926017289648950227e-03,5.861476742809118047e-03,-1.072730897669877531e-02,1.164474080630265029e-04,-7.342709526047635354e-03,-7.666819831504995131e-03,-2.207411274621233575e-03,4.677132236730783925e-03,-8.050060738332535243e-03,1.806323927730665857e-02,-1.143552930439643671e-02,-7.852195675867434249e-04,6.533829378244211672e-02,3.906881559946639298e-02,2.349562858939616486e-02,2.900211784544526328e-02,1.843995643151031746e-02,1.424925928023921227e-02,-6.781373784378682927e-03,5.065899787653031783e-03,1.150061835318031940e-03,2.932518658599041900e-04,-3.284213871403455706e-03,3.285978763854871445e-03,-3.508487390300804934e-03,7.507694476135595013e-03,-3.957769973482083009e-03,2.558836228482860853e-02,8.086913229585183591e-03,2.275883419955997480e-02,1.147231137598615260e-02,-8.326891196477108348e-03,8.764845690022603567e-03,-1.505531615516379025e-03,8.053159088113159836e-03,-1.039898485368974911e-02,-1.084683758313478331e-02,-1.145512528773167012e-02,1.023308489971512351e-02,2.189837522675954981e-02,-2.527431341376760749e-03,-9.867422591406197277e-03,1.141370045205670862e-02
1.427136366427342144e-02,-6.593385334552222081e-03,3.292356262682885615e-02,3.580016849096168824e-02,-5.152470445859134475e-03,2.997249630189280974e-03,-1.374615197404242817e-02,2.027739259894866669e-03,7.573424916853256335e-04,5.872363710366024052e-03,-5.616446141980879075e-03,1.409118550569786639e-02,-1.271853327432921621e-02,-3.538413298873585838e-03,-9.522858152929828887e-03,0.000000000000000000e+00,-8.909712611723130671e-03,-5.065131749526940140e-03,-5.803506911677338599e-03,2.538943946914816192e-03,-3.164471690643427728e-03,-6.257273423438833304e-03,-1.060841419765910483e-03,-4.810292071539119980e-03,-1.687366900155774232e-04,1.815629314136427835e-03,-1.593386957971726359e-02,-1.386108475346986037e-02,-1.301952021374425290e-02,1.749773290149908220e-02,-1.062623155664687430e-02,3.212220116670591596e-02,2.175410518738071439e-02,1.184960536837933835e-02,6.553962996219631076e-03,2.693125854537301023e-02,2.487766477015997471e-02,1.005841587569373044e-02,-1.484022167145895854e-02,3.024518597332062284e-02,-6.229229395540041882e-03,1.108993123991709739e-02,-4.510695753369780951e-03,1.596924094545201745e-03,-1.851939388737160533e-02,-1.054774960478126189e-02,-5.021354662337160386e-03,-2.615683740681870595e-03,-1.567604328980592336e-03,3.586187862371635268e-03,-6.940231768402329443e-03,3.901813179771701067e-03,-6.570293519367306594e-03,1.590919715502752199e-02,-6.433721912486162035e-03,-3.397041406976088196e-03,-8.561007188136219095e-03,5.102088243620558905e-04,-8.335021899349277091e-03,1.225869125587155349e-02,-3.738421840257156407e-03,-2.340302353298166218e-04,6.389473694355719303e-03
3.328395792322336177e-02,-6.057740638128583655e-03,6.887343905755180518e-02,4.101226785398797564e-02,4.422962781105676568e-03,4.831017309688856974e-03,-2.501427725523993131e-02,3.836062968915659316e-02,1.390973016647587110e-04,-3.691516278264514450e-03,-2.441021047430751503e-02,-2.041615455401124893e-03,-1.019471048928387129e-02,-7.119798137867172638e-03,-8.171348692356708576e-03,-8.909712611723130671e-03,0.000000000000000000e+00,-1.736280153275254886e-03,6.226392841511614595e-03,1.366009609299651852e-02,-1.066281907003559367e-03,-2.707775896905864621e-02,-7.331396605280475704e-04,-4.701818068060932727e-03,-2.769353725408164532e-02,-2.117359450356412487e-02,-2.760801639327296539e-02,2.296123719976284061e-03,-2.659017096500907156e-03,3.234754173368914465e-02,-1.997887344389131722e-02,3.042958431516666964e-02,2.718934776908789319e-02,2.358962676839137032e-02,3.131601588278384862e-02,5.338262499486579049e-02,3.721225375999028667e-02,8.864828247189581248e-03,1.550769376406628541e-02,5.675798946348586255e-02,-3.967414818135716996e-03,1.547907045804115117e-02,-4.667951764116604237e-03,-8.870153485301958754e-03,-1.554143481679733096e-02,7.316961764407813604e-04,-4.450349232955416040e-02,-9.622246324372465617e-03,-1.165076657240661983e-03,1.332907069288249979e-02,6.845537307796569111e-03,-3.959688748236912044e-04,-2.026165451244418825e-02,-4.578659694654087405e-03,-3.547789722112268396e-03,-2.812055503275881409e-03,-8.050026236063606219e-03,-1.794283002483171643e-02,-4.509840560212586592e-03,2.745667421962643892e-02,1.515935514346229696e-02,-1.531040348625373020e-02,3.047341149237400501e-02
4.235336845110406617e-02,5.808954632846851382e-04,7.758013895571817808e-02,5.205991304224680261e-02,5.214161116704394555e-03,1.133014459922933835e-02,-1.940006601780546944e-02,3.215336925846956628e-02,7.777093949420559212e-03,4.116724104419019863e-03,-2.133647466234049953e-02,-6.577291432252902609e-04,-1.069909651305310516e-02,-6.381971375876279058e-03,3.330645700326026037e-03,-5.065131749526940140e-03,-1.736280153275254886e-03,0.000000000000000000e+00,-7.260636038063351949e-03,4.256216264247423588e-03,-7.083660772093059062e-03,-2.556815993742055093e-02,-8.141754224808410781e-03,4.775873681348632711e-04,-2.401453506613887914e-02,-2.129043284123301183e-02,-1.006747708693993791e-02,8.239432814316646758e-03,-8.277157546400364455e-03,2.924518295279353308e-02,-2.015070143738362587e-02,2.754449996808308598e-02,3.986303942723253696e-02,3.379060227367585573e-02,4.097356405681068514e-02,5.379131470918691038e-02,4.723837634352770487e-02,2.148717163758548376e-02,4.655558580920263895e-03,6.686399242031521029e-02,-7.268200093950006463e-03,1.526006935974687749e-02,-1.133902058172379414e-02,-4.531266660233014901e-03,-1.605695984777351024e-02,-4.148392838560457062e-03,-3.847165623928984479e-02,-4.097428390679817671e-03,-1.256532258738433244e-02,1.269561199923148476e-02,-3.545975228168723320e-03,-1.083052520106404489e-03,-1.265434330412355292e-02,-7.404978818901338661e-03,-6.213978063718446528e-03,-9.917811720435003656e-03,-1.155757072541942036e-02,-1.608693177404784888e-02,-6.953947993725609865e-03,3.946640964480949837e-02,1.387073191752966062e-02,-2.610841979864525486e-02,2.724260577879052472e-02
4.041869464945905405e-02,-6.237572546259384336e-03,6.091444537136581072e-02,3.826062642219649895e-02,-1.428039655198804587e-03,4.827177719139681168e-03,-1.834112718791608421e-02,3.731285942046261989e-02,6.510818273881744354e-03,4.976865300236160174e-03,-1.651398175968091589e-02,-2.136730206077437546e-03,-1.262007708826441525e-02,3.206736304804960421e-04,-3.039536927534448787e-03,-5.803506911677338599e-03,6.226392841511614595e-03,-7.260636038063351949e-03,0.000000000000000000e+00,1.136570589693108348e-02,-4.697546005032222504e-04,-2.733107182446892214e-02,-4.683860342726252519e-03,5.996135426333743142e-03,-1.858060128893665799e-02,-1.108576542729149128e-02,-1.904081283501960972e-02,-3.787689684323622841e-03,-6.802380464492096927e-03,2.488163918129132623e-02,-7.784709246644115621e-03,3.142019505666703016e-02,3.182876193704590323e-02,2.074806609169975100e-02,3.870990568276103105e-02,4.172313669088955485e-02,3.401001868466695111e-02,7.085653604190308812e-03,9.746739850531031812e-03,5.505736284522319557e-02,-8.569486081132744043e-03,1.734023862650676748e-02,-1.362730651636769041e-02,5.227639978703530615e-04,-1.156300823706411796e-02,-6.398525984686172403e-03,-3.388782616366985828e-02,-7.094468551588632016e-03,-2.880064004500930332e-03,4.827857309429164218e-03,5.162289119773786836e-03,2.692203506817585079e-04,-2.042749503932122027e-02,-1.184519366032879550e-03,3.606901901112433834e-03,-3.303480456513804755e-03,-7.998475340610008630e-03,-6.169767914950242786e-03,-5.579929006608661500e-03,1.791206334062475300e-02,1.751709862175535384e-02,-9.806974666236556795e-03,2.538087536780389564e-02
3.853148061460759388e-02,-1.072966827315674802e-03,6.365223509522190126e-02,4.395616510946902949e-02,-1.228983024020299103e-03,-1.882485968441379972e-03,-1.399755032556262817e-02,1.154723374174714857e-02,1.031070858821750945e-02,1.613960843700232642e-02,-1.260006082154017416e-02,-2.824622664132168254e-03,-1.276234618616042989e-02,-2.680746884864775113e-03,2.387761860442442000e-02,2.538943946914816192e-03,1.366009609299651852e-02,4.256216264247423588e-03,1.136570589693108348e-02,0.000000000000000000e+00,-8.587836967385104048e-03,-1.403959520952920668e-02,5.365159119427010369e-03,3.940420984693663448e-02,-1.997220475109894380e-02,-2.100945981689252354e-02,1.571390821259731644e-03,8.675804276131524398e-03,-8.683571496121813074e-03,2.457255112888470303e-02,-1.615458901684679524e-02,2.324235386249661264e-02,3.505954525918133363e-02,2.230414304744795725e-02,2.090799750765956824e-02,4.304677058741623874e-02,4.245334948699541755e-02,2.779864129048907964e-02,-6.454140398207127566e-03,5.360935390936766298e-02,-7.442117692982238263e-03,3.726820109258974310e-03,-9.707166711973807746e-03,-3.428281813200465770e-03,-1.432298821744685570e-02,-9.525476014871180411e-03,-2.535144898651868484e-02,-2.613223241977331857e-03,-6.206981650543401570e-03,-5.762059314023286472e-03,-4.560238428121483022e-03,-4.799951221081268961e-03,-1.882764933191166364e-03,1.140523696378586581e-03,3.577576619899468929e-02,-2.859746596467387016e-03,-1.319667620599805115e-02,-1.766446360902848567e-02,-7.029902344427546579e-03,4.620229841739176974e-02,-1.756391748514003759e-03,-1.682343971360975368e-02,1.941658994386399537e-02
-2.033516781694775025e-02,-3.009073596953900503e-03,-1.037049127095180691e-02,-1.187572744318811553e-02,1.151080349563654570e-02,-1.164710378831591321e-02,1.958612306632339164e-02,-5.077311143606287602e-03,-1.359043103186421096e-02,-3.495669928129954262e-03,3.971239331940431411e-02,5.035305129451028705e-02,-8.868056585491201557e-03,-2.010403775590844603e-03,-5.926017289648950227e-03,-3.164471690643427728e-03,-1.066281907003559367e-03,-7.083660772093059062e-03,-4.697546005032222504e-04,-8.587836967385104048e-03,0.000000000000000000e+00,3.970269244613297728e-03,2.817021729251804624e-03,1.935301179976511995e-04,1.706204370009036311e-02,1.148488141373935241e-02,4.813691891338012230e-05,-1.436957121268565320e-02,-9.019636560388880411e-03,-1.691995511745897698e-02,-1.020555341101593181e-03,4.860572768171562454e-03,-1.563567776711477855e-02,-7.533407305622854926e-03,-2.421723001449214638e-02,-7.546290559367501739e-03,-1.220928352404956896e-02,-6.851017021404936895e-03,-4.582787540448237003e-03,-1.310725774526999565e-02,-1.231690829759682316e-03,3.964476563468315867e-02,2.273477560392427044e-02,-4.869242907561053407e-03,8.097752990867606660e-04,2.084487394166991206e-02,3.812048482771727281e-02,3.235852245101963204e-02,-9.798009279179335784e-03,-1.002021790380433312e-02,-7.504808468444266849e-03,1.177406304982856616e-02,1.456923286679345612e-02,-1.353521022899027530e-02,-4.635744291588160537e-03,-9.396156807738458711e-03,-5.120387387575128790e-04,-1.409681404937151473e-02,-2.907640525186726537e-03,-4.931369522205680507e-04,4.963536592877976043e-03,1.741130148364401428e-02,-7.937400230485490774e-03
-3.465198315860845701e-02,3.286123079252446094e-02,-3.185653454568858345e-03,5.762435335588272922e-02,2.693607517594426293e-03,6.703424273799458294e-03,4.538957186722627525e-03,-3.793165100672370171e-02,1.588031513350309258e-03,-7.144508800504000695e-03,-3.958283404734710964e-02,-7.373239018025687245e-04,-2.565441376583794866e-03,1.725452497539934835e-02,5.861476742809118047e-03,-6.257273423438833304e-03,-2.707775896905864621e-02,-2.556815993742055093e-02,-2.733107182446892214e-02,-1.403959520952920668e-02,3.970269244613297728e-03,0.000000000000000000e+00,-2.447470646166238425e-02,-1.688053896062269646e-02,1.268984864191966683e-02,-1.248041287533225262e-02,-3.947979617397842644e-02,-1.784794889889783354e-02,-1.645159842222905164e-02,-1.380025493617278304e-02,-1.694584823675272800e-02,5.712179207480628379e-02,2.880074395848220784e-03,2.740758792395424012e-02,-2.394340593297157246e-02,-3.674296478618167133e-02,1.855459061514621449e-02,3.669492407709632614e-02,-2.890109210481435487e-02,4.813074790354532340e-03,-2.087698525854253528e-02,3.431616959474379641e-02,4.765595127197364694e-02,-3.373954746415425837e-02,4.004905199445842057e-02,-8.408309129273122684e-03,-6.306170545396747561e-03,2.588118527000033905e-02,-2.121733548163338978e-02,-1.581614970523708211e-02,-1.576870294267195341e-02,-1.616245289928796777e-02,-4.919491584854362304e-02,-2.779759010411861700e-02,-1.791995021922001066e-02,-1.287659544456241922e-02,-4.534422175074599021e-02,-2.148873684132458425e-02,-1.346865072970360698e-02,4.641429672187201601e-03,1.538588580303690105e-02,-1.118039911995388595e-02,-6.359665935302839974e-03
7.146868583425670420e-03,-1.327554370867532231e-02,7.597143599268134893e-03,-5.571383311964155961e-03,-3.521065733821086233e-03,-2.575312848593504580e-02,-2.496866390575866283e-03,5.345724653826905426e-03,-5.126450567617828235e-04,4.347586625522417009e-02,1.899399206657942027e-03,-1.106150102764668318e-02,-3.020599194081950278e-03,-1.657941462438273020e-03,-1.072730897669877531e-02,-1.060841419765910483e-03,-7.331396605280475704e-04,-8.141754224808410781e-03,-4.683860342726252519e-03,5.365159119427010369e-03,2.817021729251804624e-03,-2.447470646166238425e-02,0.000000000000000000e+00,2.640041915422337848e-03,-2.536759964395381151e-02,-5.804719919464517396e-03,-4.211055479448235633e-02,-1.635078229176777434e-02,-1.093740256191394651e-02,-1.654460663823067437e-03,-1.895276766845195235e-02,-4.915510605714958764e-03,-2.346930989651314133e-03,-1.430830596067025938e-03,-9.609883770206847572e-03,8.430829995891368431e-03,-6.905710575719971496e-03,-4.310403054126557380e-03,-7.251772854878081598e-03,2.903795267026887828e-03,8.791122045621810321e-03,4.431479666721921049e-03,-1.643419176744922300e-02,-1.729358149799471722e-03,-5.799079621836208780e-03,9.399859638801544640e-03,-2.905315490277894305e-02,9.952939425344040428e-03,-4.671834391026437501e-03,-3.790214693269110171e-03,6.700902092467392150e-03,-3.411728408213258925e-03,-1.542043992918460706e-02,-6.414199678967502649e-03,6.797499694709740505e-03,-1.417033634124981005e-02,-9.460865519830158679e-03,-1.852767640429605137e-02,-3.893622234749325242e-03,4.135844119195709358e-03,-1.836398262436566122e-03,-2.119072138772703021e-02,3.134327521204148970e-03
6.157816602052121335e-02,-7.303267268361259001e-03,7.490719423292661883e-02,5.695710017187211038e-02,-1.001946979292625724e-02,2.055543407965929742e-02,-1.366636439746547749e-02,4.842354804609735192e-02,9.017720544460164356e-03,-1.190293976746890003e-03,-9.716484825381748250e-03,1.222673714043871632e-03,-9.524506000187685228e-03,4.503684119998008911e-03,1.164474080630265029e-04,-4.810292071539119980e-03,-4.701818068060932727e-03,4.775873681348632711e-04,5.996135426333743142e-03,3.940420984693663448e-02,1.935301179976511995e-04,-1.688053896062269646e-02,2.640041915422337848e-03,0.000000000000000000e+00,-1.340303666760188188e-02,-1.130511002649612663e-02,-5.422722138841614548e-05,2.488915091739886485e-03,-5.950508209763658886e-03,4.273350185185102040e-02,-1.154230140676598638e-03,4.194593885719085508e-02,4.708885548691652684e-02,1.705379034120748510e-02,5.197367577963709490e-02,3.578705701487973345e-02,4.841850715299264585e-02,7.485356172488545450e-03,2.756122480226915264e-02,5.695985159792304325e-02,-1.010575632199160398e-02,1.057970629632185022e-02,-9.512454111424102632e-03,1.101321260525080399e-02,-1.984802799047862519e-03,-6.954808821852593616e-03,-2.702127083738325997e-02,-3.650800866497685179e-04,1.933227937658531237e-02,2.886730724815651447e-02,3.414441452833297252e-02,-2.522420052574608773e-05,-1.229018454292736540e-02,7.443756957760494335e-03,2.421561802126008175e-02,1.085240663045380916e-02,2.360372485527954551e-03,2.208941132986615066e-03,5.685348099278632848e-03,3.110953338120151998e-02,2.080506989288721797e-02,6.384634727517934927e-03,3.022933683815681727e-02
