0.000000000000000000e+00,-4.640191726372825537e-02,1.019586102045659942e-01,2.912927190033966912e-03,-8.798799036211235602e-02,-1.689004405508718470e-02,-8.253052262234945868e-02,-8.483866582162370718e-02,7.291349438547203854e-02,1.907503215229351123e-01,2.478629549509145658e-01,1.320587162829318373e-01,-2.674958410374509224e-02,2.288182238384775247e-01,1.139865713910486189e-01,6.010500273759142309e-03,-3.872334206041043447e-02,-1.339930185107499755e-02,6.223527249747996121e-02,1.052931768323862177e-01,5.754389579106668380e-03,7.371026186356144372e-02,1.096517021363391242e-01,-5.199680276336373502e-02,7.507756530744494339e-02,-1.436917576548979170e-01,-1.774021767658701468e-02,-2.238184974254149237e-02,-1.016084055635240874e-01,4.868406954781712842e-02,-2.113654702698899990e-02,-1.602839023864819079e-01,-7.535934586772040367e-02,-3.894099161963865408e-02,4.109662111096882425e-02,1.597373546784445651e-03,1.898750486317722086e-01,1.478551824494309108e-01,1.924540569308804405e-01,6.970603914594818151e-02,2.307916900011558192e-01,-3.750939455647907955e-02,1.470262213994388834e-01,2.296668890589571854e-01,1.037819220578370533e-01,2.623961162777320097e-02,-8.539460089357002459e-02,4.343242495118152663e-02,-7.176587261720811239e-02,1.281736877598863289e-01,6.842603366180712021e-02,-8.234042710670476384e-02,-6.333834326845198814e-02,-5.451478865434094406e-02,-8.933507934591312927e-02,6.102237336630600417e-02,1.949441417428992296e-01,-5.557157283241422746e-02,-9.604971506434654971e-03,6.831086912218253815e-02,-6.597944634173417977e-02,5.354083897027463873e-02,-3.657955133586097279e-02
-4.640191726372825537e-02,0.000000000000000000e+00,1.039755175558206533e-02,1.769628907027426257e-02,6.921457227279351372e-03,-7.140373162522746509e-02,1.247237845373934118e-01,2.856180022700025023e-02,4.411235472565541715e-04,-2.535617610531060162e-02,-2.256851335422584148e-02,-1.345369017621185492e-02,3.653468682494291631e-02,4.843258950835720861e-02,9.901421830647781641e-02,5.409832776699344953e-02,3.668475744968273389e-02,-2.388039496739750248e-03,1.390030065001544857e-01,1.068046379404068991e-01,1.117965018112124370e-01,-3.841753980227272797e-02,1.627315376969236116e-01,8.888700480579005136e-02,1.394559556882158692e-02,1.178142758012910990e-01,5.365961593294371612e-02,8.659098691329225606e-02,3.224448588955099865e-02,1.069012226232337048e-01,1.436923749733208799e-01,-1.194111231872041663e-02,-3.847580920118452708e-02,-1.384344158722458119e-02,-7.920657655000457032e-05,-1.569162651646306694e-02,-3.681010342288378815e-03,-3.894338563911118462e-02,-4.701616199135863483e-02,5.446223752839421395e-02,-2.161474415645861860e-02,-2.473789496781070643e-02,9.159900361607547191e-04,-4.547812757713822623e-02,8.326238835395825821e-02,-3.250471230855513788e-02,7.017869090438384749e-02,-1.917233418734193284e-02,8.034132925352581445e-02,1.080320642670304226e-01,9.390127369838134619e-02,4.596849847731354632e-02,-2.307234291020583694e-02,2.606474847486517019e-02,2.637192129153695993e-03,1.573758334199208131e-01,7.029989201043684854e-02,2.310837721886581375e-01,-6.111693929857307979e-03,1.544258778853978553e-01,9.279923701948485093e-02,5.679725256167362547e-03,-8.579227536245072686e-03
1.019586102045659942e-01,1.039755175558206533e-02,0.000000000000000000e+00,5.595832268338557514e-02,7.891768466416800021e-02,1.503734852683550997e-02,2.382062057235253758e-02,2.272722062593122549e-03,-5.331607747909028472e-02,9.398325180271027701e-02,7.273623727880836054e-02,-9.767036409535053212e-03,3.985917675779605818e-02,-5.380102423846568754e-02,-2.942041990428588896e-02,3.235719120025027512e-02,-1.283546611503056344e-02,-2.901809367896144784e-02,9.191278455124482147e-03,2.889805519911453624e-02,1.079834948457749216e-01,3.063088748693592808e-02,3.343402680203185623e-02,4.739512175926582221e-02,1.115101310869257532e-02,-3.760494087316681305e-02,3.013004184388028486e-02,8.834714940767950109e-02,1.766895500265986199e-02,3.024835095353625714e-02,1.325635050223254174e-01,7.362713333627375623e-03,-4.337077845657528324e-02,7.292173169679107281e-02,2.930554402465505078e-03,1.491574634752436575e-02,-4.255864357099026218e-02,-4.891223999532040567e-02,3.617013622041896637e-02,7.828004678859622201e-02,7.841213668153038108e-02,2.562795386370778430e-02,6.942473935848686960e-03,1.115283065959032927e-02,3.770194497492212332e-02,-2.745885605595338799e-02,3.044723466370646836e-02,-7.449357003227363890e-03,-1.439482651814965632e-02,-6.175144300681262473e-03,4.461386020310743189e-02,8.008962090402534095e-02,-3.370917172776084075e-02,1.307625870620124919e-01,2.064852990780075004e-02,6.603470386234079614e-02,-3.007664618027407546e-02,9.072156170745099280e-02,-3.951743737196165146e-02,6.406107068183934661e-02,7.910426936145045773e-02,1.197234309048548218e-01,6.581744681901711969e-02
2.912927190033966912e-03,1.769628907027426257e-02,5.595832268338557514e-02,0.000000000000000000e+00,1.709721547900259347e-02,7.019008838187025534e-02,-4.420679643930061631e-02,-4.938308570507094625e-02,1.129222104424667111e-01,1.219658365393860439e-01,1.131069116462695284e-01,1.019443777902107051e-01,-2.388577313104313024e-02,1.512971461851442267e-01,5.777469727242623421e-02,3.449319562029019154e-02,-1.866801018754654304e-02,-2.085854835422427597e-02,1.307733795236310781e-01,1.369290317112851485e-01,7.370907390415289140e-02,1.467524258286118100e-01,1.409963386280271569e-01,4.196120649008473064e-02,5.637140506856067046e-02,-5.503472939872147696e-02,-1.724528943303733561e-02,5.064679835186571694e-02,-5.289187468175251400e-02,7.423316644919625285e-02,2.836165038257067519e-02,-6.710710993942473621e-04,-6.884634868196581881e-02,1.286646880914568301e-03,3.144817118239893734e-04,1.039943702376875806e-01,1.532133260937010855e-01,1.691474351016870603e-01,1.740013773441521916e-01,-1.736755402697387832e-02,7.237632810717174736e-02,-2.919835051523070324e-02,1.181901351338928707e-01,2.103079947005081773e-01,1.260139172863182500e-01,-1.463411729792810957e-02,-4.447965304699430522e-02,1.046517203630263487e-01,-4.033596657385787876e-02,1.319884131722242893e-01,8.978198665694275826e-02,1.333316729548476853e-02,-3.281213734206667176e-02,4.528323502782100746e-02,4.215314722303018131e-03,1.090602536758416424e-01,2.109636325444857186e-01,-3.197152884480231744e-02,7.629681380810111879e-02,1.043920259461180167e-01,-4.460528412134371484e-02,1.960264667835490485e-02,4.985467087603710074e-02
-8.798799036211235602e-02,6.921457227279351372e-03,7.891768466416800021e-02,1.709721547900259347e-02,0.000000000000000000e+00,2.268429651188311798e-03,3.580451210559128933e-02,-7.168863382464080169e-02,1.064462198614744420e-01,1.049037975924238530e-01,5.709463873062403660e-02,2.496707081749553192e-01,-1.664773815434366158e-02,2.265875834317296889e-01,1.333290569972395700e-01,5.368363288109793269e-02,1.842261828711362626e-02,4.528922946513147529e-02,1.076699145820835951e-01,1.920920106609874389e-01,1.517654467616172120e-01,1.639840794628842635e-01,2.476382185463420205e-01,1.618223018673075331e-01,6.361114366909476070e-02,6.845074841044447578e-02,4.297308095604592676e-02,1.208038886154054747e-01,8.431818460825601935e-02,1.477767497564746735e-01,1.297187894743853931e-01,3.294997836671669650e-02,-5.965245922527723926e-02,-4.330852324152497518e-02,5.331543223340662330e-02,4.745628912656042059e-02,1.217827725645783538e-01,1.213007016147478606e-01,1.035334795089808413e-01,-8.149867918792864929e-02,1.313033215618379657e-01,6.174292097531445221e-03,1.856297773505259097e-01,2.046898209436068816e-01,1.767475402817669794e-01,-2.479263860963544508e-02,4.353786709048886733e-02,5.118061881999774743e-02,6.959768969306733000e-02,2.082487222050974918e-01,1.895737553948959597e-01,-1.053407496656810598e-02,2.695878364722565854e-02,9.998674534702355066e-02,2.641191131171898368e-02,2.130203998234680152e-01,2.460902441367835980e-01,1.007381442496069063e-01,2.210034011389965317e-02,1.267036339935022349e-01,3.130971680918441524e-02,3.857010404975819845e-02,5.175431425428269477e-02
-1.689004405508718470e-02,-7.140373162522746509e-02,1.503734852683550997e-02,7.019008838187025534e-02,2.268429651188311798e-03,0.000000000000000000e+00,-5.150766373107431434e-02,-4.107208248712927029e-02,6.259287698554788504e-02,1.026667207997082887e-01,2.517116811034167401e-01,-2.502110729392689747e-02,-1.628837909738547335e-02,1.245914540404881171e-01,-6.194876217074517417e-03,3.370680184258372653e-02,-2.525062771537104830e-02,-4.201897080249955563e-02,4.374939497523236409e-02,2.251787179209863154e-02,2.456328076590724371e-02,6.727711076772906196e-02,9.687886682118207124e-03,-7.181930883988681125e-02,2.282248950325357906e-02,-7.049602158517212502e-02,-4.679992074119807000e-02,-5.503139178764263756e-02,-8.453316218008243010e-02,4.602814869851287044e-02,-3.680807159205106566e-02,-3.236583502864959910e-02,-3.880757264600412371e-02,-2.674561659050389562e-02,7.009231509289746108e-03,-2.583874371216208707e-02,1.277412769477536125e-01,2.875792714282687443e-02,1.885878513202446094e-01,8.339853765530168273e-02,5.960312102930340888e-02,5.226591318585332296e-02,2.151098478498449443e-02,1.588508910849648625e-01,1.000123433146920676e-01,6.537968486656996203e-02,-3.669920317109208463e-02,5.569511558876439998e-03,-3.961145202461782006e-02,-2.630423618142139694e-02,-1.275377000709639747e-02,8.292759447649215854e-02,-2.670207957195037604e-02,-1.131231695033466968e-02,4.117975726534085085e-02,-9.751973980073285267e-03,-7.337070229223472025e-03,-3.640682961227909020e-02,4.422235043670768445e-02,5.863181386007563362e-02,-1.767719399663737409e-02,2.341305736486253355e-02,1.074634002476677896e-02
-8.253052262234945868e-02,1.247237845373934118e-01,2.382062057235253758e-02,-4.420679643930061631e-02,3.580451210559128933e-02,-5.150766373107431434e-02,0.000000000000000000e+00,-3.262247049578732849e-04,2.142807972134060449e-02,9.212673794480870371e-02,1.630964477069144214e-01,-6.810839527205196121e-03,-2.993453547080357491e-02,-3.790114529424312793e-03,3.555853877811380320e-02,-1.822362468927209503e-02,-1.500429381353926735e-02,-1.586854102438244735e-02,1.938587879150955873e-01,9.094426354091737774e-02,-9.770812273259264422e-03,-2.181582406172895630e-02,-1.547139719330035967e-02,-5.115382185936145215e-02,4.954721351194659590e-02,5.779950985923130308e-02,-1.643327609693341629e-02,-5.351403618456625905e-02,-2.936526523879894393e-02,1.105748843214489768e-01,9.248735371685196105e-02,3.439426743060620267e-02,-3.222503813873835860e-02,3.303443436148991580e-02,1.693927668117070906e-01,-1.466620673157675858e-02,1.242836224856217094e-02,2.409667969125902157e-02,1.527007142921436300e-01,1.793748637438470975e-02,-6.875912184279058675e-03,-2.244760197216698686e-02,-1.428854783119332637e-02,-4.487488369759714581e-03,-1.002773668898173341e-02,-4.664471710898423357e-03,-1.757634480646456596e-02,7.208306191117806738e-02,-1.632435741400540749e-02,-9.823041754650837717e-03,1.624378953292102482e-02,-1.540725727383005124e-02,3.382523602709833904e-02,-3.185497513326113195e-02,2.100993159993088666e-01,-2.018441185755651904e-03,-3.271453993716910702e-02,5.090713045245128660e-02,-3.578614297827802798e-02,1.953883058787515559e-01,-8.016073036756690695e-02,4.548746733216008087e-02,9.274479962174897452e-02
-8.483866582162370718e-02,2.856180022700025023e-02,2.272722062593122549e-03,-4.938308570507094625e-02,-7.168863382464080169e-02,-4.107208248712927029e-02,-3.262247049578732849e-04,0.000000000000000000e+00,-1.082235366433306062e-02,3.933066395007776134e-02,-2.522009228053264870e-02,1.159684710559037539e-02,-3.382846902627373309e-02,-4.201822237898522605e-02,-4.715700579244818530e-02,-3.512356271770953470e-02,-2.855256581090781509e-02,-3.818902840077573885e-02,-6.557018449335159926e-02,-1.466511900238955807e-02,2.982078879097661492e-02,-5.817766935837020981e-03,-1.928595366732735071e-03,6.950665510388899515e-02,-1.039166069472482155e-02,9.941651500459545987e-02,7.355549869734094928e-04,3.370295104123469110e-02,1.089728481266533516e-01,-7.882382177678032287e-02,4.553513237859114354e-02,-1.961635697053629515e-02,-1.196030758500668950e-01,-3.993355234360421863e-02,-5.500284675368460885e-02,1.651564636045974033e-03,-6.092795110369773892e-03,-2.161373784953833990e-02,-1.908602854420561948e-02,-1.135188122949720886e-02,-4.535073001182254870e-02,-3.069258695353114987e-03,6.320303002368398435e-04,-2.748733537142905234e-02,-1.421847588781535200e-02,1.002446036687480464e-03,-1.075552308849276294e-02,3.205908955431239354e-02,2.436321045972837315e-02,-1.535835118673734012e-02,1.715907273201826636e-02,6.083127750284278434e-02,-5.106785594480083186e-03,6.078924134836093812e-02,-2.726405853393406784e-02,5.016696164631199474e-03,3.914026418691134851e-02,1.177469572270313340e-02,3.928889417880420017e-03,-5.964918715553390455e-02,7.815686522675081849e-02,1.768946668762553728e-02,-1.062987091648555510e-01
7.291349438547203854e-02,4.411235472565541715e-04,-5.331607747909028472e-02,1.129222104424667111e-01,1.064462198614744420e-01,6.259287698554788504e-02,2.142807972134060449e-02,-1.082235366433306062e-02,0.000000000000000000e+00,9.474415551078553543e-02,1.408497951778925894e-01,3.553446231187180979e-03,-2.999446581331395925e-02,3.079510545190995985e-01,1.462289434810191968e-01,-2.809487251287852774e-02,8.280261467895271010e-02,9.650851406783184094e-02,-4.072441295603830558e-02,-5.888786979855048509e-02,-3.863524873503576540e-02,-3.366065176118051422e-02,-2.314885200854009326e-02,6.276908510068102132e-02,1.907317838301992793e-02,9.708984928185954155e-02,-1.522615254321847862e-02,-2.016933651869939892e-02,7.370619742165653021e-02,-7.105933453628741903e-02,-2.509602894458540234e-02,1.627824193125479713e-01,2.891196106993678197e-02,1.270883380303697852e-01,-2.009401562941910691e-02,2.077849238656761383e-02,2.098573535909687704e-01,-4.647379958771844129e-03,1.242914645403707212e-02,7.480014194403394878e-02,3.873715085140759240e-01,4.499919501795201365e-02,2.374815465729634631e-02,3.510400232018941885e-02,7.482172977760796762e-02,5.581143386980046833e-02,1.276816007753846759e-02,1.270499722678103405e-01,1.297697222595951272e-01,-8.722418387097542400e-03,-3.426346447940910311e-02,-3.089871979365391153e-02,6.235019210169554654e-02,2.729001184932701787e-02,1.913911166561688970e-01,-3.042293976286854565e-02,-3.846229885444157892e-02,5.451617908381734684e-02,-4.259306987291932439e-02,-6.935176880582613612e-02,-1.831007315234962560e-02,1.235896725090470244e-01,2.652061933157714990e-03
1.907503215229351123e-01,-2.535617610531060162e-02,9.398325180271027701e-02,1.219658365393860439e-01,1.049037975924238530e-01,1.026667207997082887e-01,9.212673794480870371e-02,3.933066395007776134e-02,9.474415551078553543e-02,0.000000000000000000e+00,-2.050272419216845818e-02,-4.387482591978195817e-02,6.814075210399986315e-02,1.213374099752824731e-01,1.077355375669868942e-01,-1.956619594457345915e-02,-6.990231009305190868e-02,-4.056776810765414659e-02,1.683881237411952447e-01,2.481684641304606753e-01,2.564578683138542536e-01,5.764542286477492006e-02,2.130610062436438523e-01,2.173043577182744990e-01,2.305489267061760772e-01,-2.834136930398707330e-02,2.382940107585685696e-01,2.212748482118559734e-01,1.211060011212599097e-01,1.690972510367656778e-01,2.123032938177113749e-01,4.836074188815406120e-03,-1.372489718442151257e-02,1.612843510785665624e-01,1.162373176447053374e-02,2.160117576551778829e-01,-2.104711224412063320e-02,5.517590099616372611e-03,1.247801310758311355e-01,1.065198680549224591e-01,-2.913766244677146525e-02,-3.625373947615100848e-03,-2.659043560692783345e-02,1.398149191942363589e-01,1.086648099730525424e-01,-3.170028691596226550e-02,-3.256384273691086823e-02,9.932515428441979211e-02,9.050325044696795607e-02,1.983404463152267094e-01,2.772872491819386442e-01,1.814816422932007678e-01,-2.857646519705216506e-02,8.401297135303627261e-02,5.943778017905280292e-02,2.360160915384733882e-01,1.516932498744906210e-01,1.789594191603762763e-01,-6.643997683903721425e-03,2.149639318824820011e-01,9.771242985913476675e-02,4.365370489706599244e-02,1.691878927177651593e-01
2.478629549509145658e-01,-2.256851335422584148e-02,7.273623727880836054e-02,1.131069116462695284e-01,5.709463873062403660e-02,2.517116811034167401e-01,1.630964477069144214e-01,-2.522009228053264870e-02,1.408497951778925894e-01,-2.050272419216845818e-02,0.000000000000000000e+00,-2.132407762724485359e-02,-4.111251178203536444e-02,2.390126607083222776e-01,2.034258036079180931e-01,3.965120578213063296e-03,-5.364200925064035314e-02,1.675666931013914535e-02,1.024039273488640683e-01,2.621740309225448207e-01,3.041919840993012047e-01,1.648424248914515944e-01,3.209255468092993557e-01,4.349798955248767585e-01,1.327829377175818448e-01,8.036209727141689629e-02,2.324420976785102344e-01,3.217549888361870281e-01,3.237340817177160601e-01,1.133940549233714012e-01,2.762878236382764752e-01,3.638435357147367429e-03,1.293340408968052940e-02,3.372375087526780502e-01,-1.631633020293604339e-02,2.420424297188144835e-01,-6.798339686776916184e-03,1.147059911987283742e-01,7.750926777339343932e-02,2.920076191907492250e-02,1.634777914664509516e-02,3.714778570073091341e-02,2.816745215324556462e-02,1.085746059806657615e-01,2.109347567943400115e-01,-4.718109459831380109e-02,3.465107687419959753e-02,1.346814499519338459e-01,1.431433679117384561e-01,3.204548281421936706e-01,3.363810714733643792e-01,2.153350938191110064e-01,-1.152408209725191285e-02,2.866322699467250823e-01,-1.273084861444188365e-01,3.313734698660152911e-01,2.298832161930792761e-01,2.136380198441184541e-01,6.452691531107673795e-02,1.700172066910397295e-01,1.846564109011129828e-01,3.318371932043284733e-02,1.113802550696431082e-01
1.320587162829318373e-01,-1.345369017621185492e-02,-9.767036409535053212e-03,1.019443777902107051e-01,2.496707081749553192e-01,-2.502110729392689747e-02,-6.810839527205196121e-03,1.159684710559037539e-02,3.553446231187180979e-03,-4.387482591978195817e-02,-2.132407762724485359e-02,0.000000000000000000e+00,1.404055282462932097e-02,8.435666804966502827e-03,3.851775766904053794e-02,-2.709191345465640586e-03,-1.226691093575288903e-02,1.783172764518845118e-03,2.477154639700825667e-01,1.798549543537835138e-01,2.833373207411963093e-02,2.810030562654842676e-02,1.069214962086394854e-01,-4.100660515700833147e-02,1.172753699559327817e-01,4.618144811615226830e-02,1.165728772562413251e-02,1.126093531019772137e-01,-9.326932291127014441e-03,1.955968370513776755e-01,6.919977522049752805e-02,1.517999167438473795e-01,-2.181193866845894044e-02,7.829242903982315538e-02,-2.150542338682410667e-02,3.465149621547734121e-02,-2.562861488867495055e-02,-2.941408285782402474e-02,-1.285770715897483103e-02,9.520110994602193344e-02,-2.842580308117769947e-02,3.646935272054346085e-03,1.364535608250864009e-03,-1.442985913334413886e-03,-7.397098365733841170e-03,1.153671157741123672e-02,-3.096473662767218471e-02,4.111834679992935199e-02,-2.529922240239242549e-03,1.187732909735030318e-01,6.495393132762418420e-02,-1.113414057297813613e-02,3.825874307254834364e-03,1.325651875903104994e-02,2.567761887909120744e-01,1.335022319146699499e-01,1.037153604200958257e-01,-3.101469045171049640e-02,1.416518004206369398e-02,2.010464206966365852e-01,6.632739983899990470e-03,1.994871850456633455e-01,2.285048804002527134e-01
-2.674958410374509224e-02,3.653468682494291631e-02,3.985917675779605818e-02,-2.388577313104313024e-02,-1.664773815434366158e-02,-1.628837909738547335e-02,-2.993453547080357491e-02,-3.382846902627373309e-02,-2.999446581331395925e-02,6.814075210399986315e-02,-4.111251178203536444e-02,1.404055282462932097e-02,0.000000000000000000e+00,5.749822266413234795e-02,-3.410208700338968751e-03,-1.793413307605293619e-02,-2.356240401485484859e-02,-2.624221391607698892e-02,-3.647154763539577765e-02,-2.373768974258383402e-02,-1.922297001824585516e-02,-6.246405405595783535e-03,-1.785783015144582278e-02,-1.930610671763676942e-02,-3.769598679636458616e-02,-4.434493079369938862e-02,-2.065624074516580339e-02,-1.687162153661423900e-02,-1.052210236687328195e-02,-2.921919717049060658e-02,8.852016743923019418e-03,-5.446994482887441286e-02,-8.572894314785129560e-03,-1.584735105858510462e-02,1.718297978208756542e-03,-2.801807441632062426e-02,4.998691287032244052e-02,-3.557862732021699337e-02,8.707842785970289212e-02,-7.790402810083400624e-03,8.254393213203499446e-02,-1.946425460668587543e-02,1.011399556815463507e-02,4.643931608085036938e-02,1.165964127289188280e-02,-3.524702501296196611e-02,-8.773788266673169037e-03,-1.948872208822850435e-02,-3.398283324123303056e-02,-1.863912998238833815e-02,-8.108019229741509834e-03,-4.211342606946911864e-03,-2.054135756386767445e-02,-1.339042319677244408e-02,-5.465390543266613471e-02,-1.904000831906567381e-02,9.083841584240276434e-03,-1.830580896007243455e-02,-4.080447697649671607e-02,-2.482133766675548303e-02,9.889616182428907776e-02,2.287332628219387876e-02,-5.361121049082476914e-02
2.288182238384775247e-01,4.843258950835720861e-02,-5.380102423846568754e-02,1.512971461851442267e-01,2.265875834317296889e-01,1.245914540404881171e-01,-3.790114529424312793e-03,-4.201822237898522605e-02,3.079510545190995985e-01,1.213374099752824731e-01,2.390126607083222776e-01,8.435666804966502827e-03,5.749822266413234795e-02,0.000000000000000000e+00,2.435335582531835200e-02,3.944473515924468154e-02,1.330959099440632010e-01,1.859426185490069272e-02,2.434892045705793207e-01,3.875959847490823562e-01,1.914751734815044737e-01,1.101200848974348417e-01,3.013634238989480463e-01,2.318401556864245761e-01,3.859449818057694714e-01,1.105218488612095123e-01,2.648466930514857265e-01,3.339457531758103781e-01,7.124566342177518496e-02,2.233873128252874263e-01,3.065194992988894973e-01,1.033943124732806217e-02,-2.803345721050761949e-02,3.724020941042294752e-01,5.289481343673011621e-02,2.297166038724579862e-01,-2.254856471462270487e-02,9.649858840735030252e-02,3.560884321777579853e-02,2.190334715020111622e-01,3.721025093096510528e-01,1.834264464090814839e-01,8.829699402321279644e-02,-2.690139473445724363e-02,4.024189719513162483e-02,1.751531184175584288e-01,1.517489520875756580e-02,2.848955917676740945e-01,5.452782148688797154e-02,2.621444129072519336e-01,3.115022377400811227e-01,1.285155556107598664e-02,8.719888304036853277e-02,6.229875753415048401e-02,2.254979156604590695e-01,3.660027457079750857e-01,1.432820435876880905e-01,9.578719226423638988e-02,4.934145900174761318e-02,3.467862463270661166e-01,1.129158230618493852e-01,5.970172161872897704e-02,2.328152646992619479e-01
1.139865713910486189e-01,9.901421830647781641e-02,-2.942041990428588896e-02,5.777469727242623421e-02,1.333290569972395700e-01,-6.194876217074517417e-03,3.555853877811380320e-02,-4.715700579244818530e-02,1.462289434810191968e-01,1.077355375669868942e-01,2.034258036079180931e-01,3.851775766904053794e-02,-3.410208700338968751e-03,2.435335582531835200e-02,0.000000000000000000e+00,4.290872437306802317e-02,9.059369318207681487e-02,2.363338860895079167e-03,1.169543012954225025e-01,1.887636466769981036e-01,9.602784922697569017e-03,-1.307465149358639882e-02,8.281698044396428038e-02,-5.372453548319995435e-03,2.588378141715964587e-01,2.191556832454023829e-01,1.110721038185018134e-01,8.242969345929085367e-02,-3.363502713483601525e-02,7.136079925124021173e-02,9.409399893326612918e-02,-1.783720654511097500e-02,-8.204007385188498425e-03,2.537266864791116183e-01,7.119123695274613695e-02,7.524965630078044032e-02,-2.919321163297710145e-02,1.825457913311438751e-02,1.076675219553382412e-01,1.597932487512586930e-01,1.771100981003130848e-01,3.952525416904206085e-02,1.027336738960165086e-01,7.731468434791615059e-03,2.349020327646191356e-02,1.071729472501526947e-01,5.774214189859150359e-02,1.512710965238953931e-01,1.115267055667706342e-01,1.230445054680532196e-01,9.288508819854542076e-02,5.322228557113093533e-02,1.135465188162304573e-01,4.067224647916765912e-02,1.582030138134895847e-01,1.129550211212846378e-01,-4.229148082031806109e-03,-7.783569458186726138e-03,-6.332896471867797972e-02,1.880314348007765812e-01,-7.166960669302561981e-02,-5.751626524016538629e-03,8.171251607592595889e-02
6.010500273759142309e-03,5.409832776699344953e-02,3.235719120025027512e-02,3.449319562029019154e-02,5.368363288109793269e-02,3.370680184258372653e-02,-1.822362468927209503e-02,-3.512356271770953470e-02,-2.809487251287852774e-02,-1.956619594457345915e-02,3.965120578213063296e-03,-2.709191345465640586e-03,-1.793413307605293619e-02,3.944473515924468154e-02,4.290872437306802317e-02,0.000000000000000000e+00,-1.863056134877620618e-02,-9.317318830116149211e-03,1.884800079378014803e-01,1.294440468530443367e-01,-2.194868829724405321e-02,-2.582851011119323067e-02,1.415385369402832882e-03,3.540756881141646998e-03,-4.760692142050281656e-03,6.779683825131646580e-02,2.107469283913568012e-02,4.173915735884087957e-02,-1.098740123900495379e-02,8.384665099155225176e-02,6.320072863289306897e-02,6.433888270810510235e-02,-1.440417283498004151e-02,1.722382249398789755e-01,9.124232570387480479e-02,3.523618060649711878e-03,-2.883878465464835908e-02,-3.070204020304629841e-02,7.041265495775550498e-02,-4.431755629976666389e-02,-3.578800412741912212e-02,-2.474897920089130527e-03,-1.637202962198352693e-02,7.854506071107382817e-03,6.174982107281284417e-03,-2.952026793267115146e-03,-2.209213624496766948e-02,-1.392735881989080188e-02,-1.467672483574388419e-02,5.924116618606780488e-02,5.026458478837708688e-02,-7.735566867973576836e-03,-6.750458394489261549e-04,1.102272230653125566e-02,2.227230967163179864e-01,4.615506333229141972e-02,3.267143440606804644e-02,9.451235204439804166e-03,5.743020141925846665e-04,1.589417428641408947e-01,-3.819080158355394466e-02,8.841909870924014037e-02,9.951842552112911966e-02
-3.872334206041043447e-02,3.668475744968273389e-02,-1.283546611503056344e-02,-1.866801018754654304e-02,1.842261828711362626e-02,-2.525062771537104830e-02,-1.500429381353926735e-02,-2.855256581090781509e-02,8.280261467895271010e-02,-6.990231009305190868e-02,-5.364200925064035314e-02,-1.226691093575288903e-02,-2.356240401485484859e-02,1.330959099440632010e-01,9.059369318207681487e-02,-1.863056134877620618e-02,0.000000000000000000e+00,-8.929505453065917156e-03,1.389991408877481738e-01,9.524471054623014077e-02,1.136504655528772223e-02,1.277631772582660079e-02,6.106092799847789160e-02,2.575223638962132952e-02,2.948739117224267667e-02,9.803457303180480517e-03,3.329147975922169822e-02,3.617208595216236944e-02,-4.913362483819146836e-02,8.438081710978766192e-02,8.348907967804658492e-02,-7.480016044457845313e-03,-3.090227238335263582e-02,6.447646129590837993e-02,3.014778794561467912e-02,5.209336670408105940e-03,3.156957336652102541e-02,1.758727397460524422e-02,-2.838387946148722071e-02,-5.330445981742997635e-02,-3.367559637975089254e-02,1.773165460846463579e-02,-1.388999299650920359e-02,3.496549067177687209e-02,5.322140455140344367e-02,9.188026736936727099e-03,-1.799092178839490144e-02,-1.306217229115193106e-02,-9.742944956226837205e-03,7.077687685760404579e-02,4.635398662698633765e-02,-8.912705074983250444e-03,-2.983398423899508763e-03,9.661541706325008083e-03,9.414874426878759583e-02,6.868771435083723120e-02,3.377345283432841433e-02,6.635081830915737222e-02,-2.344057437039468936e-02,1.621520472519138445e-01,-3.234522288096473852e-02,1.125439499000871479e-02,5.017774742980615765e-02
-1.339930185107499755e-02,-2.388039496739750248e-03,-2.901809367896144784e-02,-2.085854835422427597e-02,4.528922946513147529e-02,-4.201897080249955563e-02,-1.586854102438244735e-02,-3.818902840077573885e-02,9.650851406783184094e-02,-4.056776810765414659e-02,1.675666931013914535e-02,1.783172764518845118e-03,-2.624221391607698892e-02,1.859426185490069272e-02,2.363338860895079167e-03,-9.317318830116149211e-03,-8.929505453065917156e-03,0.000000000000000000e+00,1.910007591172658767e-02,1.630893109395107829e-02,-2.646563000768606400e-02,6.531666164117678206e-04,4.577205488624972590e-02,-1.468464013705674497e-02,4.158200442448792278e-02,-5.980820215130393074e-03,5.449930486041954479e-03,-5.703284816249025273e-03,-2.600544740477376757e-02,3.206138631025368807e-02,5.905802162623374763e-02,-5.489446240127943827e-02,-2.520723653148697341e-02,4.963341601033838951e-02,-1.718996207093704057e-02,-1.362680707207766795e-02,1.707751422530864871e-03,2.555412983203898813e-02,-2.533105637475749697e-02,1.268983790966901788e-02,2.548995962338516941e-02,2.350786497184146825e-02,-8.246765360283719176e-03,-1.852807948263478222e-02,-7.386308643649359788e-03,4.584046152535908858e-02,-1.465753330144931553e-02,1.633793784332381385e-02,6.442932302845033078e-03,4.155555154938953694e-02,-1.255981236673184114e-02,-6.347939209892660035e-03,4.359231630974939181e-02,-3.276033998608274961e-02,-4.748983388750876999e-02,1.722863108072731145e-02,4.824122916024527197e-03,1.356448307746360195e-02,-4.070910447897049811e-02,7.238588482328404961e-02,3.779010126982659812e-04,-3.042590594433417298e-02,3.892089875487163286e-03
6.223527249747996121e-02,1.390030065001544857e-01,9.191278455124482147e-03,1.307733795236310781e-01,1.076699145820835951e-01,4.374939497523236409e-02,1.938587879150955873e-01,-6.557018449335159926e-02,-4.072441295603830558e-02,1.683881237411952447e-01,1.024039273488640683e-01,2.477154639700825667e-01,-3.647154763539577765e-02,2.434892045705793207e-01,1.169543012954225025e-01,1.884800079378014803e-01,1.389991408877481738e-01,1.910007591172658767e-02,0.000000000000000000e+00,1.954106281320156652e-02,2.636243872215661699e-01,1.828686787106356959e-01,1.927168468011840607e-01,1.985532119345092550e-01,6.764505553264844873e-02,3.713875328318103630e-01,-1.672916767840709404e-02,7.917510898098098493e-02,4.275190224588616000e-02,-2.614544633161004425e-02,-3.390389390674627967e-02,1.316104993715480065e-01,2.115919877888406894e-02,2.067572623754135031e-01,3.288206191319310162e-02,5.365028275587579998e-02,1.034931745313219104e-01,-6.787165046414676307e-03,8.111614726154803279e-02,6.846954071498217997e-02,1.328204620145309323e-01,-1.187857833232611876e-01,2.977239339703681154e-01,1.552516884499200167e-01,3.034353472117948258e-01,3.245385733336890715e-03,2.413688982820618723e-01,-6.067085052576282056e-02,1.767688199939247973e-01,5.333158533612795266e-02,1.290544036714067755e-01,1.183069299348671888e-01,1.077712450926364002e-01,2.739507091944705652e-01,2.772057922235358629e-01,1.421241564289052184e-01,1.607367858723882381e-01,1.420385254393735919e-01,-5.389603496390314025e-02,2.989753898298934398e-02,-8.479407084711144960e-02,2.332890133769848287e-02,1.112808390943106386e-02
1.052931768323862177e-01,1.068046379404068991e-01,2.889805519911453624e-02,1.369290317112851485e-01,1.920920106609874389e-01,2.251787179209863154e-02,9.094426354091737774e-02,-1.466511900238955807e-02,-5.888786979855048509e-02,2.481684641304606753e-01,2.621740309225448207e-01,1.798549543537835138e-01,-2.373768974258383402e-02,3.875959847490823562e-01,1.887636466769981036e-01,1.294440468530443367e-01,9.524471054623014077e-02,1.630893109395107829e-02,1.954106281320156652e-02,0.000000000000000000e+00,2.459397816048864149e-01,1.117796965937777331e-01,2.187918775977199803e-01,2.545661806678390371e-01,1.257268114461799757e-01,2.851467120413311851e-01,2.940193319406203196e-02,1.135917862812338419e-01,1.068760079882320330e-01,-1.032182812741507805e-01,-6.274480841686332078e-02,1.544083838753168847e-01,6.900821110042688888e-02,2.118477821803472771e-01,8.207897164339326979e-02,8.962870768305734870e-02,1.303151542569473686e-01,-3.514644302583960767e-02,2.242894686062394394e-01,1.778291048004981556e-01,3.057338852921790973e-01,1.113356524095140574e-03,2.462990954280597500e-01,2.240410387892137478e-01,3.337716180589309634e-01,8.927437997445906992e-02,1.021299201941209683e-01,9.204211617779173640e-03,2.114677194160608786e-01,6.930176539972761340e-02,2.050317007961431626e-01,1.041244679298700682e-01,1.243873066136522848e-01,1.890867756506819097e-01,3.846127032238197962e-01,1.985221506405947800e-01,1.824487480526999772e-01,1.294047871160332319e-01,-5.003127709680468133e-02,-1.441477208113720911e-02,-7.746010683492422777e-02,1.399202326765641435e-01,1.206537975673490637e-01
5.754389579106668380e-03,1.117965018112124370e-01,1.079834948457749216e-01,7.370907390415289140e-02,1.517654467616172120e-01,2.456328076590724371e-02,-9.770812273259264422e-03,2.982078879097661492e-02,-3.863524873503576540e-02,2.564578683138542536e-01,3.041919840993012047e-01,2.833373207411963093e-02,-1.922297001824585516e-02,1.914751734815044737e-01,9.602784922697569017e-03,-2.194868829724405321e-02,1.136504655528772223e-02,-2.646563000768606400e-02,2.636243872215661699e-01,2.459397816048864149e-01,0.000000000000000000e+00,-2.741146952294871639e-02,3.259626873858980506e-02,-5.118043779430442135e-03,9.869546743261013722e-02,5.889668247375347970e-02,-1.592338451624593018e-02,2.200156996725433425e-02,7.390696966047553829e-02,1.342654023789949524e-01,1.571289987481487016e-01,1.132026085925477848e-01,4.242046783948793393e-02,2.290524426418104886e-01,1.792277832880820043e-01,1.847706861251873292e-02,5.552244466871384537e-02,-3.615162157913848207e-02,3.131109432874961684e-01,1.004990724187056622e-01,2.672410913962362522e-01,1.623182333705731339e-01,6.890713275272351834e-02,2.740928780011939181e-01,6.469432868849525620e-02,1.585698585408494010e-01,-1.192214048064962027e-02,9.859256750774526845e-02,9.140902858638703943e-02,9.289438718690774810e-02,1.181206269455713082e-01,4.632134495842365335e-02,4.389314704882629065e-02,1.242495378772730946e-02,4.169743689263205599e-01,8.879936287894986402e-02,5.689991545282704335e-04,1.342251388919626920e-02,-8.979367084431645607e-02,3.075955815634547896e-01,3.177728172525810107e-02,1.379439704229933616e-01,1.236157681461246688e-01
7.371026186356144372e-02,-3.841753980227272797e-02,3.063088748693592808e-02,1.467524258286118100e-01,1.639840794628842635e-01,6.727711076772906196e-02,-2.181582406172895630e-02,-5.817766935837020981e-03,-3.366065176118051422e-02,5.764542286477492006e-02,1.648424248914515944e-01,2.810030562654842676e-02,-6.246405405595783535e-03,1.101200848974348417e-01,-1.307465149358639882e-02,-2.582851011119323067e-02,1.277631772582660079e-02,6.531666164117678206e-04,1.828686787106356959e-01,1.117796965937777331e-01,-2.741146952294871639e-02,0.000000000000000000e+00,-1.134035762299434591e-02,-1.245761065128495743e-02,3.183263044953090620e-02,-5.471301881921752236e-02,2.912575140033560328e-02,6.489810144103719258e-02,2.534810065304748949e-02,3.802429699366723787e-02,1.618616318514756458e-01,1.831884771665795997e-01,6.782282613337966941e-03,2.387121402312532836e-01,3.566454536358243388e-02,7.477283728866220003e-02,7.881576558143374434e-02,-1.282252056927516391e-02,4.289234654293135746e-02,3.714414788272156487e-02,1.219654471704257476e-01,5.066047521699321848e-02,2.314290694296767745e-02,7.441482480339545180e-02,1.906066428489823841e-02,7.366238024084477420e-02,-8.119509623827608075e-03,3.970697312311585042e-02,1.077543330925694043e-02,4.007390349900468406e-03,9.597611833858222738e-03,-1.954520187188314370e-02,-8.560520922518913972e-05,-4.187941051786023272e-02,2.748139723793391886e-01,3.418438659604674384e-02,-2.481627768385193111e-02,-1.202938845254636520e-02,-5.889839755166394707e-03,1.426537062421844859e-01,5.713909594638005157e-02,2.312404042153129724e-01,1.532137735156444691e-01
1.096517021363391242e-01,1.627315376969236116e-01,3.343402680203185623e-02,1.409963386280271569e-01,2.476382185463420205e-01,9.687886682118207124e-03,-1.547139719330035967e-02,-1.928595366732735071e-03,-2.314885200854009326e-02,2.130610062436438523e-01,3.209255468092993557e-01,1.069214962086394854e-01,-1.785783015144582278e-02,3.013634238989480463e-01,8.281698044396428038e-02,1.415385369402832882e-03,6.106092799847789160e-02,4.577205488624972590e-02,1.927168468011840607e-01,2.187918775977199803e-01,3.259626873858980506e-02,-1.134035762299434591e-02,0.000000000000000000e+00,3.797718975484767195e-02,1.661467435727091435e-01,7.629280706540843282e-02,-1.036050559015630175e-03,8.822798887734689677e-02,8.745091506553770433e-02,3.135631770365066712e-02,1.705090871642056249e-01,1.599352035472727251e-01,5.218340263163304127e-02,2.350693726400313877e-01,1.343917663388068950e-01,1.298404883110400865e-01,8.018339097443083485e-02,-3.678005985698094144e-02,2.274297676568840798e-01,1.409457974263580715e-01,2.958595741071486374e-01,8.300572523067566155e-02,1.337126370322075097e-01,1.813950866710934140e-01,1.573590655286059847e-01,1.325880902302219722e-01,1.124417594055145304e-02,9.528104221690243680e-02,1.643283798209479174e-01,-1.667284972586422290e-02,3.147124292036202614e-02,2.266658806195911199e-03,1.004451122360035392e-01,1.204170882670168967e-02,3.340912393975154493e-01,1.364814482846531396e-01,7.773421244719240508e-02,1.368228148609922264e-02,-1.160497924874226428e-02,3.352780511858546864e-01,-3.704489009659756721e-02,2.019707290870869087e-01,2.059241638624730308e-01
-5.199680276336373502e-02,8.888700480579005136e-02,4.739512175926582221e-02,4.196120649008473064e-02,1.618223018673075331e-01,-7.181930883988681125e-02,-5.115382185936145215e-02,6.950665510388899515e-02,6.276908510068102132e-02,2.173043577182744990e-01,4.349798955248767585e-01,-4.100660515700833147e-02,-1.930610671763676942e-02,2.318401556864245761e-01,-5.372453548319995435e-03,3.540756881141646998e-03,2.575223638962132952e-02,-1.468464013705674497e-02,1.985532119345092550e-01,2.545661806678390371e-01,-5.118043779430442135e-03,-1.245761065128495743e-02,3.797718975484767195e-02,0.000000000000000000e+00,5.687990649800600540e-02,-1.327152632641616370e-01,-1.512316253439827118e-02,4.125807508765121090e-02,1.170334749881345449e-01,1.946184623846771711e-01,3.325209168164782736e-01,7.801955956345554832e-02,3.778575360071238093e-02,2.124859943937546791e-01,1.719383525253826706e-01,4.305583111443867655e-02,8.472336844891771579e-03,1.849364327065306304e-02,3.154059371399197675e-01,1.724789244512436037e-01,3.589761972432999326e-01,3.542180832561267478e-01,7.809394393072511924e-03,2.151347710286416193e-01,1.068107882825322097e-01,2.438966967997142632e-01,-3.731693748662375659e-02,2.355263287739154110e-01,4.616536495535821655e-02,5.797336778215361752e-02,1.471072944621076295e-01,1.478726589063515716e-03,-1.076012184540170620e-02,-5.699282841402556615e-02,3.355526289857961864e-01,1.401848084134356409e-01,-2.695853784529608776e-02,2.433734368393444467e-02,-6.593218615247753434e-02,3.980446952015222473e-01,1.174943363202076846e-01,1.547332366411691418e-01,1.636282714143753314e-01
7.507756530744494339e-02,1.394559556882158692e-02,1.115101310869257532e-02,5.637140506856067046e-02,6.361114366909476070e-02,2.282248950325357906e-02,4.954721351194659590e-02,-1.039166069472482155e-02,1.907317838301992793e-02,2.305489267061760772e-01,1.327829377175818448e-01,1.172753699559327817e-01,-3.769598679636458616e-02,3.859449818057694714e-01,2.588378141715964587e-01,-4.760692142050281656e-03,2.948739117224267667e-02,4.158200442448792278e-02,6.764505553264844873e-02,1.257268114461799757e-01,9.869546743261013722e-02,3.183263044953090620e-02,1.661467435727091435e-01,5.687990649800600540e-02,0.000000000000000000e+00,-8.357612830035247506e-03,7.414454363574872475e-02,3.441163954096992245e-02,7.935733848629769258e-03,1.104147946630383154e-01,2.210832760017542031e-02,-8.586264651845827017e-03,1.236385652654528600e-01,1.196083139333739692e-01,-1.395600062406564951e-02,6.985763169816536222e-02,1.645217142923587339e-01,-9.513832577756346082e-03,1.341639066310587602e-01,1.089435222847575796e-01,3.198053089549893757e-01,1.216995128121328013e-02,1.409549198693268446e-01,1.999544973763901223e-01,1.930911723824987325e-01,-3.875529638984143762e-03,1.340404388281360741e-03,-2.556842053941854598e-02,1.296913299697438626e-01,1.219774805832266051e-01,1.443509751386277407e-01,-8.267505230203128774e-03,3.620970824077942435e-02,2.938263374545162232e-02,7.332376522811615005e-02,1.232653416582595446e-01,1.662784703146866216e-01,9.574969553133377831e-02,3.028625551471685051e-02,1.232137524552380098e-01,-1.444487225490271448e-02,3.213551399812592663e-02,-1.954404437261815161e-02
