0.000000000000000000e+00,-1.383145773653046001e-02,-3.116644805056250495e-02,4.173947709545716700e-02,-1.551250541825777846e-02,-3.637096402131597545e-02,-1.970605577114295515e-02,6.678716531399289669e-02,-4.563947528742650500e-02,4.129752004270596799e-02,-1.894479187104981116e-02,-4.254393056317674199e-02,-1.794521246913226287e-02,1.262836709213210340e-01,-1.901525401862353901e-02,-3.222932602905082683e-02,-4.840045429471861310e-02,-1.455966058519304711e-02,3.263314508298400390e-02,-7.195493841003008928e-02,9.758973400745359073e-02,4.157358631587353831e-02,-8.881469818297991342e-03,-2.466099766246704350e-02,-7.660542299366275912e-03,2.249320611438936340e-03,1.322138435766740533e-02,-7.672688043900552889e-03,-8.288165228962397768e-02,-4.978050359270816579e-03,-2.829622761718272178e-02,-2.152799540593503674e-02,5.552846285425625666e-02,-3.182908133087884728e-02,-1.812174657499387651e-02,-7.747999362066705815e-03,-2.309439599729394207e-02,1.148891672998991753e-01,-6.817255950149098132e-02,-1.852468008264893107e-02,1.022795669818886595e-02,-8.193418266549692963e-03,-3.829263138015192441e-02,6.340967789943534327e-02,2.618126602488258375e-02,-9.703553544340475651e-03,6.634377117873993535e-02,2.001959109171766449e-02,-9.331192602817938234e-03,-3.453381375156830413e-02,-3.845040646312314347e-02,-9.295704302097433994e-03,-1.184734312493105832e-04,-4.389939028970411133e-02,-8.291429118234214246e-02,-3.996370378366539272e-02,5.209445241638093610e-02,-2.953539372920709061e-02,-1.314349562462100232e-02,2.126061895003758181e-02,-5.881868223391433122e-03,-3.625290122125704277e-03,2.389658223205560691e-02
-1.383145773653046001e-02,0.000000000000000000e+00,7.906211631153822750e-02,-3.740407675766904000e-02,-3.067799438543403201e-02,8.636094022266532777e-02,4.128840041635913755e-02,8.563880539294502214e-02,-3.562953825567787003e-02,-1.325940982338760440e-02,4.793061384391228419e-03,9.600582728593387571e-02,-4.561035518720342463e-03,1.462721847761964261e-02,-9.780123822335104466e-03,2.521661301989662832e-02,8.637312048506132212e-02,8.887241786509492147e-02,-5.444402738173932665e-02,6.740031426646279911e-02,9.887792554671068213e-02,2.285924734326678573e-02,1.252050303509043630e-02,-3.017403920622363511e-02,-2.085690796027615812e-02,2.606846531512625395e-02,1.188344682746867442e-01,-1.905139898514975755e-02,6.589528127358343368e-02,-2.389735400714657065e-02,1.154786682655574437e-01,1.981193411383345634e-02,-3.436738652789191745e-02,2.707798759737565369e-02,3.117841498211625702e-03,6.104099852941179474e-03,5.374999726216132812e-02,-2.795779168618549998e-02,1.338441655992962942e-01,6.714014710706633915e-02,3.018290858610384042e-02,3.944414774280892259e-03,5.470879657533507523e-02,-1.963537951877310228e-02,-2.788807490209831846e-02,-6.318294097713164290e-03,-3.469773955591096831e-02,5.044202055052163236e-02,-1.290353326967088460e-02,9.103543462077798298e-02,1.752136001629709533e-02,3.422284901209148716e-02,3.143074648738682086e-02,-2.397314899789744491e-02,-1.940581704831542686e-02,-4.949192753496327313e-02,-4.897161568614339343e-03,6.801173640564760203e-02,-2.182802593641525873e-03,3.260436660940966430e-02,2.867404015060392997e-02,-2.836786461521063202e-02,-2.724153996310858111e-02
-3.116644805056250495e-02,7.906211631153822750e-02,0.000000000000000000e+00,1.247203528867492639e-01,-2.339893959767597870e-02,-2.554540076380227079e-02,-1.826503698251225397e-02,-3.752390050384269565e-02,-4.782223112565029549e-02,-6.038443182139643928e-02,-6.231597671904742092e-03,-5.254602361050489390e-02,-3.921735728777689389e-02,-2.969239446546666911e-02,-3.668567427963321387e-02,-1.213722259843095716e-02,3.566993688065607515e-02,9.201081405578521999e-03,2.226979762926932782e-01,1.370652513889614177e-01,2.812156361594087689e-02,-4.978540713209327756e-02,-4.859641772366245227e-02,1.304319694093054038e-01,-1.727402836796638683e-02,-7.122339485499147582e-02,-7.314312214721714611e-02,-1.827615783588452947e-02,-5.409581028666881480e-02,-3.366425507996888972e-02,-1.205900203276679891e-02,1.166603193898602120e-01,1.406112810944458724e-01,-1.464329221806479758e-02,1.253606826599499569e-01,1.145220705178041087e-01,6.202338960560398184e-02,1.010596880148831728e-01,-1.017303513818532956e-01,-8.006814408516288450e-02,-2.648259434754278788e-02,-1.082088898392333937e-02,-2.013373786273242594e-02,-3.867788941502544459e-02,-2.113323502212242216e-02,-1.577844579578810066e-02,-5.981598120748334024e-02,-5.523014445749826334e-02,-2.014385583907324709e-02,5.872898693074614374e-02,1.564517589774289813e-03,1.272028013673242863e-01,-4.154850770985214076e-02,-3.762676208912094089e-02,-4.911620237136806594e-02,2.648724245752004727e-02,-7.865461479656573815e-03,-5.243462020164437604e-02,9.255332763480242364e-02,-3.741805676602391259e-03,7.501669504971007763e-02,-3.176611558165263333e-02,3.253235908472728449e-02
4.173947709545716700e-02,-3.740407675766904000e-02,1.247203528867492639e-01,0.000000000000000000e+00,1.622548055444608672e-01,2.765690137203961618e-01,1.360715789719638968e-01,-1.916344411777765044e-03,-4.671386171718846375e-02,1.097605469285794777e-01,-9.959682504356089094e-03,1.852401792924496526e-01,-1.482862291204731925e-02,2.292374537904305343e-01,4.592909249257330628e-02,1.888717307179632598e-02,7.364048014313066826e-02,-2.759716601096266070e-02,2.650410644498851775e-02,-4.187352364187305054e-02,-2.960742863077784823e-02,-3.512976940852777230e-02,-2.328367489816502572e-02,-3.276032952120833119e-02,-3.103791488937475071e-02,9.126592652086830404e-02,4.085480028011492272e-03,-1.030178646307822535e-02,-1.642765490478171470e-02,-1.778475161708777813e-02,8.844465007891716413e-02,1.058829648374111886e-02,1.777222021533712490e-02,1.563671188127277456e-01,3.960961977494030506e-02,1.483904596371036222e-01,3.800519519872658930e-02,5.858451090742407968e-02,2.747158578758016403e-02,2.598759824399116819e-02,1.949700371950511546e-01,-2.628428503724903123e-02,1.451256273670958052e-01,9.964646486147700488e-02,3.576110843223893193e-02,-2.430978971615703477e-02,7.526441244556142385e-02,-4.347894217681556872e-02,-1.145301016840611502e-02,-1.265798330790457102e-02,2.558528218003572330e-02,-1.831072145026794301e-02,-3.715861030826649036e-02,3.396585828194674528e-02,-3.467022980008224037e-02,8.194246252338058950e-03,-3.957671324412164598e-02,7.263824832968672485e-02,-5.013547135920888576e-02,-2.753631667971179545e-02,5.631915124784774018e-02,-2.105424853700480284e-02,-1.634707646866140340e-02
-1.551250541825777846e-02,-3.067799438543403201e-02,-2.339893959767597870e-02,1.622548055444608672e-01,0.000000000000000000e+00,2.201331696943710503e-01,1.232942690143026127e-02,2.703057177908971265e-02,1.830753135622153194e-01,3.231724089696826757e-02,-1.493142075242397809e-02,6.899866559048621617e-02,-5.109811658620620062e-02,1.673649510476580282e-01,6.202453600741415773e-02,8.379094567126560422e-02,2.858368999929768450e-01,2.516962259072192398e-01,-1.038589157953203473e-01,-9.224470492847060277e-02,-3.086849034274111777e-03,-6.536025981468919499e-02,-6.847854500849502590e-02,-1.193193628691563597e-02,4.441459871220714700e-02,-6.606939749720698585e-02,1.687533755288991161e-02,1.463670659914214495e-02,6.105129156139227353e-02,-4.187088977357127095e-02,-2.925742720509559580e-02,6.438429177949215113e-03,-3.306875210047272029e-02,-4.342027357889532285e-02,-2.444924549747531928e-02,6.330771222053102609e-02,1.971920709176093189e-01,-1.156886401263060651e-02,-3.625947043138550568e-02,4.173522343260847173e-02,3.155014515156885357e-01,6.139264795196374205e-04,-2.738542834488905120e-03,-2.626378421221501475e-02,-2.664213829004970224e-02,3.649468681198982101e-02,-2.342208702565569053e-02,-7.741865602288290626e-02,-3.053220396021101568e-02,-3.024295222237959047e-02,-5.662410806779975825e-02,1.384102268038739196e-02,-1.232481934455233880e-02,-4.450175737171483542e-02,-2.638947970152658029e-02,1.469264317070844046e-02,-4.730493340077742553e-02,2.960418608185952719e-02,4.888170854993203682e-03,-3.929639484102392943e-02,-4.805554392272412545e-02,-4.150497851587858777e-02,3.344296594597259698e-02
-3.637096402131597545e-02,8.636094022266532777e-02,-2.554540076380227079e-02,2.765690137203961618e-01,2.201331696943710503e-01,0.000000000000000000e+00,2.688529603973672730e-02,8.612999877632908710e-03,-4.827527140084671153e-02,-3.642228914123547129e-02,9.242588973516428774e-02,1.409992834295089315e-01,3.300796908622961878e-02,1.853371758577164186e-01,-1.916901225931828129e-02,1.471201801133648901e-01,1.803412004400816171e-01,5.638753884334056499e-02,6.374060210440088414e-02,-5.058826888584633252e-02,-3.137160717193904907e-02,2.472021503650010874e-02,-4.320124265453801141e-03,1.297159661295131314e-02,-1.345238165963216770e-02,1.031296159504052762e-01,4.890098150226653700e-02,-3.116835945135322528e-04,6.833953794031281948e-02,1.565148414600299118e-02,-2.160270762871041583e-02,-4.919093275600156662e-03,1.050610824129481480e-01,-8.267626426363486325e-03,6.741360595830644953e-02,1.435083254375873335e-02,1.508278830490937007e-02,8.648188079068687417e-02,1.452028245323736533e-01,-4.913281292049147264e-03,8.970519955313080440e-02,9.538361036996180486e-02,2.172477455162858395e-01,2.328121103139422707e-02,2.247061606351870300e-01,5.381673560272441648e-02,-3.563161735173848987e-02,-2.069198094268137611e-02,-2.878972864417609495e-02,-3.601560429031925442e-02,-1.061250706272423745e-02,-2.375534543924375311e-02,-1.926927742022327417e-02,2.578008667085636418e-02,-5.824538608772435178e-02,3.572392610079978131e-02,-2.629990845715193121e-02,-2.757649833031848834e-03,1.367036851570422457e-02,8.936542715614023344e-03,2.719333805838390627e-02,-2.602091804688713185e-03,1.348179242339368478e-01
-1.970605577114295515e-02,4.128840041635913755e-02,-1.826503698251225397e-02,1.360715789719638968e-01,1.232942690143026127e-02,2.688529603973672730e-02,0.000000000000000000e+00,-2.354120933162739265e-02,-4.265665515731893037e-02,-9.672219110719347882e-03,4.428853753960240031e-02,-5.172791552845097326e-03,-3.524285697578610765e-02,6.528270377599504695e-04,-5.977551050861881765e-04,5.151923066035239002e-02,-2.349607482539780787e-04,-2.944844807770112191e-02,6.119369697683083031e-02,-4.062573019185005546e-02,9.360600693318225918e-03,3.747433100055579808e-03,1.828488028676916732e-02,1.637154570894378469e-03,8.832987451075375446e-03,7.120925797745117358e-02,-1.770820560741748900e-02,3.089046165527645216e-02,-3.951573573006478268e-02,-1.538074349894929735e-02,-3.666110337162963029e-02,5.969677165111994532e-02,5.442805337650286068e-02,-1.051620553535402222e-02,1.119725012401201480e-01,2.975300061086842696e-02,1.146100129463281520e-01,6.205633246029888112e-02,-7.268113166995958385e-03,-1.377575882611339897e-02,7.562582399214420881e-02,4.613973647152740630e-03,1.934424730184503352e-02,-2.087552424571619686e-02,5.670494579442821731e-02,2.970548006491227633e-02,2.252128589446410201e-02,-2.215931894841674521e-02,1.535043502258616813e-02,-1.189327283503035897e-02,2.690939230285987332e-02,-7.778589605197548142e-03,-2.936824075484399665e-02,1.031182285277849539e-02,-4.481242807615110763e-02,2.285087557602028668e-02,8.741878105735179094e-03,-2.395859610394251646e-02,1.487125222035998694e-03,-1.878325056339543928e-02,2.825293405370737226e-02,-9.925111564004470213e-03,1.123835846071784134e-01
6.678716531399289669e-02,8.563880539294502214e-02,-3.752390050384269565e-02,-1.916344411777765044e-03,2.703057177908971265e-02,8.612999877632908710e-03,-2.354120933162739265e-02,0.000000000000000000e+00,-4.526632317987786674e-02,-3.534031431366975451e-02,7.885229343531389989e-02,1.657905809071189007e-01,-2.106383219090755821e-02,3.782438247727679115e-02,-2.281866979423862948e-02,1.387456833763405992e-02,5.931795196866240447e-03,-5.360284895443297518e-03,-9.656308988923338610e-02,-8.677107277995363410e-02,8.442495357143195434e-02,-6.287818898053162964e-02,1.407834294033120937e-03,7.506170602757293239e-03,2.995989502686392802e-02,6.001386175789559171e-03,8.503760111718798240e-03,1.408079513993664052e-03,-7.810109947617621499e-03,1.227255374489154803e-02,-2.980538971163746928e-02,1.447827576860617228e-02,4.829474966997629459e-02,1.110111431686895134e-01,5.487364670719887400e-03,-1.900821939722680681e-02,-4.265597309945948212e-02,-1.487471573877515753e-02,7.279883583886016807e-02,-7.088008118102979462e-03,-2.313463739889504503e-02,2.261203403322946393e-02,7.692568716155905040e-02,-1.835332144249379044e-02,3.290494522898847890e-02,8.816452031343112450e-02,6.891972045080624332e-02,-5.389466942126775600e-02,2.472533539646842513e-02,-4.347006638656850108e-02,-7.235037604585492499e-02,-7.103022720316730376e-03,-6.170535120029426931e-03,1.119477220913085019e-01,-6.642357256858810732e-02,-5.231124330878701711e-02,2.145770401873073330e-02,-3.434949535416412930e-02,-3.524671513304711290e-02,-2.285377444920132228e-02,4.811272319621017271e-03,5.819882456257978454e-02,-2.387771360876756940e-02
-4.563947528742650500e-02,-3.562953825567787003e-02,-4.782223112565029549e-02,-4.671386171718846375e-02,1.830753135622153194e-01,-4.827527140084671153e-02,-4.265665515731893037e-02,-4.526632317987786674e-02,0.000000000000000000e+00,1.482233983629890062e-01,1.335457317666480584e-02,-2.374507312717009933e-02,-2.326382087437076779e-02,2.523330294844263189e-01,5.538161827947552657e-02,7.861128554104804267e-02,4.639519669078803060e-02,-4.905135360136349265e-02,2.968510057403895841e-01,5.237492286464338204e-03,-6.226962309487363290e-02,8.662486510344905022e-02,-1.672339423353959298e-02,-3.796864575911959583e-02,-3.240293861625272859e-02,-3.596817369091862004e-02,1.329218877411468824e-01,-3.914057051199103243e-02,-1.155396299833049839e-01,6.612967563381945413e-02,1.764260751822682716e-02,-7.620394518442612231e-02,-4.247064655563148605e-02,1.185767793948936666e-01,-4.408704974488908412e-02,-4.650696640737148058e-02,-5.085435936892872266e-02,-3.991221110114184789e-02,2.720360707633504363e-02,-3.236409525837638523e-02,9.355990292445448553e-02,-5.227052946736568395e-02,-2.469071022402478249e-02,1.423515767020395451e-01,1.447007893729948536e-01,-2.053901945227986844e-02,1.383873709258562901e-01,7.008697505661401483e-02,3.783176308392872944e-02,-4.010556180871626547e-02,-3.770820005321100926e-02,-2.469665883333399536e-02,-6.184466557741163245e-02,4.386445368636547604e-02,-1.965493689691261148e-02,-2.741099346228161038e-02,-5.651642273861565494e-03,6.799480939703725357e-02,6.674158731460533289e-02,2.688652971079227155e-02,-7.066949622802685960e-02,6.267087012615613073e-02,1.534438106913168544e-02
4.129752004270596799e-02,-1.325940982338760440e-02,-6.038443182139643928e-02,1.097605469285794777e-01,3.231724089696826757e-02,-3.642228914123547129e-02,-9.672219110719347882e-03,-3.534031431366975451e-02,1.482233983629890062e-01,0.000000000000000000e+00,1.110901700105549339e-01,-3.824786788014442745e-02,-1.611052833948240989e-02,1.144845155404701498e-02,-1.307287024796580446e-03,6.027233731395698069e-02,7.903436793410403838e-02,-2.228373568038439015e-02,-2.482399298023251627e-03,-2.135819083316506384e-02,-9.210787171618418923e-03,-4.462147511397988875e-02,-2.814961193792941269e-02,-6.308474351311990636e-02,1.073333775639751311e-02,-1.741017619151851402e-03,-2.782375387519848368e-03,-4.286503017679300399e-03,-8.151052137397243880e-02,9.434287587576702105e-02,2.013447713891941895e-02,2.413356834219636607e-02,5.118306029240861886e-03,2.084356242707278289e-02,-5.504168047913894635e-02,4.068941396647120234e-02,-4.237020065521895223e-02,-1.438573863836701931e-02,-3.486526841820809797e-02,-8.481335684013664722e-03,1.395953991460222310e-01,7.752415963216199857e-02,-4.280471620944915900e-02,-2.540867411877453796e-02,-3.731317471248392359e-02,2.315469659702750205e-01,-2.043726712518119729e-02,2.141708084434701120e-01,5.707610965534729019e-02,-7.511964529667380930e-02,-5.085723901174243888e-02,4.837707562211562146e-03,4.195428213912498483e-02,-4.995129465479950653e-02,-7.366818044409189671e-03,-2.732957442625033248e-02,-2.442804813877423251e-02,9.775187730959775112e-02,-1.621679675986640798e-02,-1.819309724534654005e-02,-1.564478135560938912e-02,-2.460120604228354518e-02,-2.576780726607784747e-02
-1.894479187104981116e-02,4.793061384391228419e-03,-6.231597671904742092e-03,-9.959682504356089094e-03,-1.493142075242397809e-02,9.242588973516428774e-02,4.428853753960240031e-02,7.885229343531389989e-02,1.335457317666480584e-02,1.110901700105549339e-01,0.000000000000000000e+00,-1.585792286393148537e-02,4.404248423601821172e-02,7.813510937206190332e-03,-3.249342039915403824e-02,-4.263446185218684736e-02,-3.871882592374172039e-02,7.034419541409227261e-02,1.008937887412599960e-01,4.693229325788728784e-02,-2.693904154658514211e-02,-3.053917881393777845e-02,1.639092046273510628e-01,3.159396089179175582e-02,-1.127945887811393141e-02,7.772472889203374015e-03,4.711583092812737100e-02,-2.517068793628047738e-02,-7.764654712987828500e-02,-3.836916235732927560e-02,5.380301496898001745e-02,-1.460958984538920577e-02,-2.612399332797564304e-03,2.353464614354768003e-03,-2.802076459643548789e-02,-8.564684706760428319e-04,8.504507715547329760e-02,-1.276072998007264647e-02,2.873880518790986049e-01,5.741573218179887167e-02,1.467656652133799214e-02,-1.077484985785563502e-02,6.160796415691105476e-02,7.144488299922896468e-02,-1.357132750770344634e-02,-1.705634204742704704e-03,1.374623679867667189e-02,-5.761298643937291797e-02,1.931524031237435296e-02,7.673512179127615906e-02,1.541624123804057334e-01,1.008194080732257303e-01,1.811373337347933765e-02,2.144797387261242888e-02,6.832325654169082996e-02,2.725452273969358741e-02,1.363863725071285532e-02,-4.728498564496544376e-02,9.462528578915923444e-03,5.037870509232583727e-02,-2.301800794676332404e-02,1.481437174853916239e-01,-5.637780176143454558e-02
-4.254393056317674199e-02,9.600582728593387571e-02,-5.254602361050489390e-02,1.852401792924496526e-01,6.899866559048621617e-02,1.409992834295089315e-01,-5.172791552845097326e-03,1.657905809071189007e-01,-2.374507312717009933e-02,-3.824786788014442745e-02,-1.585792286393148537e-02,0.000000000000000000e+00,4.244518035893966174e-02,-5.866837921336161624e-03,5.439385994885789777e-02,1.360982279176507215e-01,1.324626203236226318e-01,1.012345938737624351e-01,-8.033238580590880765e-03,2.515234601687657556e-01,3.355844383746764414e-02,-3.352309431981236737e-02,1.602375431623409840e-01,3.123870949101692582e-03,1.157509365119771365e-03,2.754085884133517133e-03,-4.010795371834392775e-02,-2.994811067451393777e-02,3.268512251883368691e-01,2.195229454683933767e-01,1.422754959430167637e-02,1.085800549405301768e-02,1.121886232232314345e-01,-1.018047340885396349e-02,-7.001705374335162255e-03,7.794262078387745318e-02,1.650999790325128336e-01,3.416035205113693296e-02,1.732591718270548586e-02,-1.300332522000559494e-02,-3.031761741289767248e-02,1.814291453179210367e-01,3.311065540451720891e-03,-4.361384662994585715e-02,1.039791125442666997e-01,-1.410814593157370955e-02,-7.907765442075127826e-02,7.828468949889445805e-02,1.101707053925981422e-01,2.119263134089891254e-01,2.614930876667355131e-01,-1.346116832844002596e-02,6.162338614521613994e-03,-4.185470298937400691e-02,1.985405527141651250e-01,6.472488554888572790e-03,-1.801134219218184646e-03,2.332484174196516186e-02,-1.139135512612746669e-02,6.271730972063972731e-02,1.761888038495793701e-02,-2.956336459622391222e-02,2.782653279773589228e-01
-1.794521246913226287e-02,-4.561035518720342463e-03,-3.921735728777689389e-02,-1.482862291204731925e-02,-5.109811658620620062e-02,3.300796908622961878e-02,-3.524285697578610765e-02,-2.106383219090755821e-02,-2.326382087437076779e-02,-1.611052833948240989e-02,4.404248423601821172e-02,4.244518035893966174e-02,0.000000000000000000e+00,4.524020878060555639e-02,5.030834608501952993e-02,-4.651148033921045921e-02,-3.696372368647995316e-02,-2.766953830025146305e-02,2.763508584475145025e-01,-1.339547222827680295e-01,1.207114042687377695e-02,2.531708445456813950e-01,-4.800811966850582896e-02,1.046488834236982968e-01,2.242435553128023784e-01,-3.034728226933625095e-02,1.586181963142638818e-01,-2.212226083945608573e-02,9.506671592605230037e-02,1.259030662869446426e-01,-1.999086492244349020e-02,-1.137062895716789250e-03,-1.162319338771857814e-02,-2.518427043695837739e-02,-5.808386129898155184e-03,-5.085184049024299435e-02,9.301195333990321459e-03,-4.753596283082268947e-02,-1.956563533079855310e-02,1.166149801517078061e-02,-2.591792324833021299e-02,2.317952408462771799e-02,3.096959401920870367e-02,6.224055839313742677e-02,2.328420403137811470e-02,1.381859532781599953e-01,-5.222491426034246709e-02,2.858448317583460740e-01,-1.506787034194195449e-02,-8.872793197267359044e-02,-8.011078055607330495e-02,-2.121332584991150044e-02,2.082575970721441683e-01,1.328105024805783380e-02,4.148276696274454112e-02,6.910945749535181426e-02,-6.937738210121613402e-02,2.264453643967902496e-01,2.439475145156101976e-01,-5.898929794822860978e-03,-2.017814231897293448e-02,-2.409709978004479294e-02,-3.704736551225371738e-02
1.262836709213210340e-01,1.462721847761964261e-02,-2.969239446546666911e-02,2.292374537904305343e-01,1.673649510476580282e-01,1.853371758577164186e-01,6.528270377599504695e-04,3.782438247727679115e-02,2.523330294844263189e-01,1.144845155404701498e-02,7.813510937206190332e-03,-5.866837921336161624e-03,4.524020878060555639e-02,0.000000000000000000e+00,1.078547942459948117e-01,-1.666260779364529647e-03,1.878638623104472161e-01,1.671408061392007927e-01,-1.345754360796083682e-01,-7.310231792298518827e-02,-3.801748770058016591e-02,-6.697318585485101394e-02,-4.996829514031613656e-02,-6.612874641676680376e-02,-3.240690005862809780e-02,-2.156688675579785872e-02,-1.817069714477455994e-02,2.185691428408357076e-02,1.393096027844122342e-01,-1.008322488378360186e-02,-3.608156360853356694e-03,-1.765370049191720275e-02,-2.186861209108038190e-03,2.355283537121023174e-01,-1.822681714510616252e-02,5.748260219154732731e-02,1.860809995985844567e-01,-2.933744435056460237e-02,1.111570051636541490e-03,3.776673640015365714e-03,4.209255301843809471e-01,7.841467398257159771e-02,-3.549398354626651098e-02,1.575937431493580065e-01,1.954529804004640492e-01,-1.196758514304399612e-02,1.771251261872683058e-01,-3.233864868129217307e-02,-1.732221587623308454e-02,-5.899514612708278705e-02,-4.937121369824140626e-02,3.318499330611329040e-03,-2.426161254464836645e-02,-2.711199500240521823e-02,-3.346702088023420160e-03,-1.924787827731133313e-02,4.447623687580412599e-02,-6.343397972973237320e-02,-9.026079483719604002e-02,8.653605773311090488e-04,4.604832156735461784e-02,2.348300344967518827e-02,3.480586400383291895e-02
-1.901525401862353901e-02,-9.780123822335104466e-03,-3.668567427963321387e-02,4.592909249257330628e-02,6.202453600741415773e-02,-1.916901225931828129e-02,-5.977551050861881765e-04,-2.281866979423862948e-02,5.538161827947552657e-02,-1.307287024796580446e-03,-3.249342039915403824e-02,5.439385994885789777e-02,5.030834608501952993e-02,1.078547942459948117e-01,0.000000000000000000e+00,3.704041086047305670e-02,-8.856037264087776584e-02,9.802455408686452931e-02,5.828961992560214300e-01,4.010887442483729304e-01,-2.789326663978878434e-02,3.674607075246264509e-01,2.413354123825499076e-01,2.006303615943936802e-01,-5.689718583819130052e-03,1.679413787234313241e-02,4.794585963624135860e-02,2.020475188299326874e-02,-1.301288071039140293e-02,-3.451952713987545274e-02,-4.436850102171381593e-02,-1.069594620291448861e-02,2.774044595599144472e-03,-3.548608528545357799e-02,-1.409432108755311747e-02,-1.374143702502115053e-02,-3.231591838738041844e-02,-3.658629271280903344e-02,-5.074220924508671821e-02,-3.906432307132887832e-02,1.190747955777096551e-01,8.259969482888765424e-02,7.795486482254657123e-03,-4.661911382638334045e-02,-1.613469351775193017e-02,1.014091098218348475e-01,-5.392381209535045822e-02,3.719828084159541026e-01,-8.046639968619793970e-02,3.140878646265584523e-02,2.716720444333629025e-01,1.132880939379239393e-01,-3.526071539129983778e-02,5.640589292461879040e-02,2.716953427239956337e-02,-3.922524392889442657e-02,1.937742933006219581e-01,8.507969135721737963e-02,2.451405272310867023e-01,6.858564944587500385e-03,-2.677154214270185267e-02,-1.611314120167054928e-02,-7.747919201977346119e-03
-3.222932602905082683e-02,2.521661301989662832e-02,-1.213722259843095716e-02,1.888717307179632598e-02,8.379094567126560422e-02,1.471201801133648901e-01,5.151923066035239002e-02,1.387456833763405992e-02,7.861128554104804267e-02,6.027233731395698069e-02,-4.263446185218684736e-02,1.360982279176507215e-01,-4.651148033921045921e-02,-1.666260779364529647e-03,3.704041086047305670e-02,0.000000000000000000e+00,1.185390971769085811e-01,1.177718203507859968e-01,4.707694228912205625e-02,6.200099241191632526e-02,2.170641444035065204e-02,2.316247832200605261e-01,3.565098762569882118e-02,1.578704066954532068e-02,1.936450435839832673e-01,-4.508624565872544274e-03,2.342939528125939641e-01,-2.722301760757690411e-02,1.594184505759979886e-01,1.786750603255146119e-01,7.935750801785833135e-04,1.339743443759760198e-02,-1.044372451648429775e-02,-2.999274937918121331e-02,-2.656972953930073628e-02,-1.601100126480013361e-02,5.240418747639202790e-02,9.643587825526378499e-03,4.093854680876492236e-02,1.978506570587004465e-01,4.113883719775731501e-02,1.059947229531030093e-02,8.715450085429318761e-02,-2.693748829174851325e-02,8.827187179797157945e-02,-2.512655280520038892e-02,6.170306530273091464e-03,1.443389551208883459e-01,8.913118121482306588e-02,-5.149175667903801989e-02,7.816628531607980324e-02,-5.265311790278995319e-02,1.468655389092874963e-01,2.616378006021220087e-02,-1.005092703063753534e-02,8.761971874119812986e-02,-6.199646108218681562e-02,2.990325200166887853e-01,2.185161044498906968e-01,2.006197762826609013e-02,-2.070043567325445533e-02,-2.329004948489322990e-02,2.983220384743201503e-02
-4.840045429471861310e-02,8.637312048506132212e-02,3.566993688065607515e-02,7.364048014313066826e-02,2.858368999929768450e-01,1.803412004400816171e-01,-2.349607482539780787e-04,5.931795196866240447e-03,4.639519669078803060e-02,7.903436793410403838e-02,-3.871882592374172039e-02,1.324626203236226318e-01,-3.696372368647995316e-02,1.878638623104472161e-01,-8.856037264087776584e-02,1.185390971769085811e-01,0.000000000000000000e+00,-3.212051874454829176e-02,2.863938779488666708e-01,4.037169027253836306e-01,5.593175545592925582e-03,2.597621310058824129e-01,1.432632095925099325e-01,-3.948341322061520164e-02,1.764099113625435811e-01,-2.434316349207186342e-02,8.508926548540743373e-02,-3.163824339914284717e-02,-7.131828602106923820e-02,5.156142350013180609e-02,4.380990627384910574e-02,-2.629330746828315718e-02,9.362360596879051866e-02,-3.437923958782506534e-02,-1.731388509786756583e-03,-1.062946956671828071e-03,2.833866338496061898e-02,2.661996042108796812e-02,-5.015275151460006631e-02,1.252222934804778365e-01,-5.413021871647620553e-02,2.703045170517736490e-04,8.438229835592978012e-02,-9.735450359869086967e-02,2.758381912833254290e-01,-4.195602197491104385e-02,1.275680393676987823e-01,1.445282603866377968e-01,2.001240653625946941e-01,3.106199407890915531e-01,2.991845308540949100e-01,-3.605317055956230171e-02,4.881686820077562466e-02,1.257093317581983727e-01,3.385542741986053428e-01,1.188882785671048770e-01,1.824419634323070499e-02,3.760640095424098162e-01,1.453673348735828041e-01,5.820564731987816140e-03,-3.218896902018016787e-02,-1.684559586207487122e-02,-2.633573138294540567e-02
-1.455966058519304711e-02,8.887241786509492147e-02,9.201081405578521999e-03,-2.759716601096266070e-02,2.516962259072192398e-01,5.638753884334056499e-02,-2.944844807770112191e-02,-5.360284895443297518e-03,-4.905135360136349265e-02,-2.228373568038439015e-02,7.034419541409227261e-02,1.012345938737624351e-01,-2.766953830025146305e-02,1.671408061392007927e-01,9.802455408686452931e-02,1.177718203507859968e-01,-3.212051874454829176e-02,0.000000000000000000e+00,3.456660382079411731e-01,6.477492536757580854e-01,4.568858434343940622e-02,1.997850059762081576e-01,2.767984879635898565e-01,-1.139601700003739920e-01,-6.333139292819658928e-02,2.616215544932278328e-02,1.046734937310592195e-02,1.122865290969178066e-02,5.852059734014055520e-02,-1.751868197313129899e-02,1.690080599351008184e-01,-2.818177597850198002e-02,5.594996388155780431e-02,-3.478062432929481668e-02,3.330454957548310835e-02,-5.477435659337706597e-02,2.237578236559370493e-02,2.390539057166035652e-02,1.068960223502194058e-02,2.263775711826600603e-02,-5.140226159757407820e-02,1.190319542197173924e-01,2.679513070506526345e-02,-1.641753217223324568e-01,3.126102320081409758e-01,-5.260432269779649617e-02,1.009316734065259236e-01,6.794205495270451423e-02,1.413995004937556865e-01,5.918148714926442233e-01,5.411361007225472530e-01,5.555094118211505866e-02,-2.692680070838024062e-02,1.805949433247629465e-01,6.136722460304528948e-01,1.668256999746893232e-01,1.631138094564132390e-01,2.680870707760252825e-01,-4.039718005907693560e-02,6.713899586354765692e-02,-4.275388750562103546e-02,-3.440807034240114803e-02,-3.387878378878422803e-02
3.263314508298400390e-02,-5.444402738173932665e-02,2.226979762926932782e-01,2.650410644498851775e-02,-1.038589157953203473e-01,6.374060210440088414e-02,6.119369697683083031e-02,-9.656308988923338610e-02,2.968510057403895841e-01,-2.482399298023251627e-03,1.008937887412599960e-01,-8.033238580590880765e-03,2.763508584475145025e-01,-1.345754360796083682e-01,5.828961992560214300e-01,4.707694228912205625e-02,2.863938779488666708e-01,3.456660382079411731e-01,0.000000000000000000e+00,6.817914161532894202e-01,4.701938303731426072e-02,2.417009085121199219e-01,2.096559996605023013e-01,-6.094143694198479733e-02,-3.137367853444848059e-02,2.731396713501619417e-02,1.989765301022996258e-01,-1.008111215910273764e-02,5.920201709147387970e-01,1.890938711365649227e-01,2.701565123123320089e-02,-1.204578201379642374e-02,-8.235810399866116960e-02,3.496004124290689741e-01,1.936040101859043960e-01,3.213324991770986905e-02,-4.636062558135507078e-02,-1.089335006532805711e-01,1.377761046617322072e-01,-1.042600795299621352e-01,4.022552098710803214e-01,1.447892403900654101e-01,8.996964601017649887e-02,2.519667397470872205e-01,-1.344197593593053075e-01,2.860018323863957809e-02,1.745860643118545830e-01,1.257298147509321173e-01,1.268656445461819882e-01,6.340318056843640138e-01,5.447222285090709271e-01,9.503669158288620411e-02,1.749611186180737854e-01,1.311060832154326838e-01,4.719528212105482678e-01,1.486334653800666095e-01,1.929525867292930796e-01,-3.199375219046170227e-02,9.771448979189102657e-02,-6.494624325527363802e-03,-5.345841554460073822e-03,7.019406213390573523e-02,9.391115506915828984e-03
-7.195493841003008928e-02,6.740031426646279911e-02,1.370652513889614177e-01,-4.187352364187305054e-02,-9.224470492847060277e-02,-5.058826888584633252e-02,-4.062573019185005546e-02,-8.677107277995363410e-02,5.237492286464338204e-03,-2.135819083316506384e-02,4.693229325788728784e-02,2.515234601687657556e-01,-1.339547222827680295e-01,-7.310231792298518827e-02,4.010887442483729304e-01,6.200099241191632526e-02,4.037169027253836306e-01,6.477492536757580854e-01,6.817914161532894202e-01,0.000000000000000000e+00,-1.309914113906362476e-01,1.922916737164705736e-01,-4.403016521408606443e-02,3.376428924923148833e-01,-4.659578068962177966e-02,3.751243907424389734e-02,7.406512129667397470e-02,2.323877043152438454e-02,6.587966497250599129e-01,1.356911666661627935e-01,-7.276341363706052834e-02,-2.006043295218575342e-02,8.249978631468705970e-02,2.295097964230253251e-01,5.217350206618211195e-02,8.009335323146374308e-02,-6.620244736806250863e-02,-9.837938809109358917e-02,-1.003599020456598101e-01,2.767730423832676090e-02,4.448421924746140052e-03,-9.384537510014494266e-02,1.613291436430590586e-01,-1.532551701126062538e-01,-9.944841939447232604e-02,-5.286711641854374699e-02,-9.987242721527622713e-03,8.948130591404157563e-02,-2.823532148745782067e-01,6.625913794822013703e-01,-1.635474691538990888e-01,-3.647423810683613626e-02,-1.393081538400166575e-01,2.071784035749553721e-01,3.340237027171203410e-01,-3.706929974407835449e-02,8.099168391406891265e-02,1.093658698766354076e-01,3.081586666557507015e-01,-9.244443866015170097e-02,-3.724592363305801596e-02,-1.027198768653568017e-01,3.047082981995432108e-02
9.758973400745359073e-02,9.887792554671068213e-02,2.812156361594087689e-02,-2.960742863077784823e-02,-3.086849034274111777e-03,-3.137160717193904907e-02,9.360600693318225918e-03,8.442495357143195434e-02,-6.226962309487363290e-02,-9.210787171618418923e-03,-2.693904154658514211e-02,3.355844383746764414e-02,1.207114042687377695e-02,-3.801748770058016591e-02,-2.789326663978878434e-02,2.170641444035065204e-02,5.593175545592925582e-03,4.568858434343940622e-02,4.701938303731426072e-02,-1.309914113906362476e-01,0.000000000000000000e+00,-5.370064081018918745e-02,-7.435881517998724211e-02,5.614708695854453424e-02,-1.278699793443281718e-02,-2.894553758698954066e-02,-4.767838111260396666e-03,5.308665553730218534e-02,-3.176392308959339467e-02,4.989268457392552480e-02,2.124991052510458514e-02,2.781345231747817809e-02,2.792161912060100309e-02,1.066153078324590976e-03,6.541162256690440102e-02,-5.087110209670952198e-03,-4.999132760890266647e-02,-4.520627529079083648e-04,5.551627452880009139e-02,-4.273125596922148876e-04,-4.111904046855796580e-02,-2.212043487036786243e-02,-1.756560764168809893e-02,-3.738322569621301168e-03,-4.073777052925491027e-02,1.966401771741728421e-02,1.521969023038783064e-01,8.342286638659015402e-03,-5.462651142625299383e-02,-1.258851490111155547e-01,-1.137699493179272492e-01,-6.108270412357574147e-02,-5.083254040929371942e-02,-2.800224829009627381e-02,-5.635647677592946214e-02,-1.876627602661525701e-02,-3.830603397037841973e-02,8.696955330956185337e-03,3.543317011653689119e-03,-1.549371980657724898e-02,-1.909847286720661036e-02,9.451635880606780449e-02,2.759013305696703458e-02
4.157358631587353831e-02,2.285924734326678573e-02,-4.978540713209327756e-02,-3.512976940852777230e-02,-6.536025981468919499e-02,2.472021503650010874e-02,3.747433100055579808e-03,-6.287818898053162964e-02,8.662486510344905022e-02,-4.462147511397988875e-02,-3.053917881393777845e-02,-3.352309431981236737e-02,2.531708445456813950e-01,-6.697318585485101394e-02,3.674607075246264509e-01,2.316247832200605261e-01,2.597621310058824129e-01,1.997850059762081576e-01,2.417009085121199219e-01,1.922916737164705736e-01,-5.370064081018918745e-02,0.000000000000000000e+00,3.626799216534052350e-01,1.374600620478728663e-01,-4.365229503325283866e-02,-7.875193455321158331e-03,-9.461561958221670343e-02,-7.786554055776753747e-02,2.347152872100310705e-01,1.352961582764790061e-01,8.421174547251542714e-03,4.692205241987307263e-02,8.782755005869849474e-02,8.138176669156049758e-02,-1.695163937765657367e-02,-2.500517411891502173e-02,2.905240767983597108e-02,-7.246506550312165063e-02,5.756209936645604805e-03,-5.927973427256441608e-03,2.187229732602552490e-02,3.572830184188386937e-01,8.850850767534783337e-02,5.597386931512146613e-02,-9.143048371895721657e-03,-3.633599977383157598e-02,1.494059452535186072e-02,1.566480529942777811e-01,1.691823200590048815e-01,1.523229346186560917e-01,2.783032643911805826e-01,-1.023019092389626239e-01,-6.730940484061284645e-02,-6.820398038228403514e-02,1.614291700207169944e-01,2.236731524111205960e-01,-2.672319493016817385e-02,-3.343823291461339026e-02,1.105435435233322189e-01,4.610360707780265799e-02,-4.536598335542622873e-02,-6.219018863570492661e-02,7.073251811091818553e-02
-8.881469818297991342e-03,1.252050303509043630e-02,-4.859641772366245227e-02,-2.328367489816502572e-02,-6.847854500849502590e-02,-4.320124265453801141e-03,1.828488028676916732e-02,1.407834294033120937e-03,-1.672339423353959298e-02,-2.814961193792941269e-02,1.639092046273510628e-01,1.602375431623409840e-01,-4.800811966850582896e-02,-4.996829514031613656e-02,2.413354123825499076e-01,3.565098762569882118e-02,1.432632095925099325e-01,2.767984879635898565e-01,2.096559996605023013e-01,-4.403016521408606443e-02,-7.435881517998724211e-02,3.626799216534052350e-01,0.000000000000000000e+00,1.444851116532767377e-01,-1.402088951845916441e-02,1.513502245532757050e-02,2.626957136299709616e-02,1.460931792125407802e-01,2.954872876184876374e-01,7.304970392425756687e-02,7.173584078433183769e-03,3.672582854100311239e-02,9.174027787809213574e-02,1.147139977182938808e-01,-3.633155580551530178e-02,-3.080467076672263257e-02,1.458450106010724528e-03,-4.336745324939834251e-02,-2.499284314728279777e-02,-4.358473751434822907e-02,-3.501077130617127886e-02,1.186855862417614260e-01,6.331144205618172149e-02,-4.599708345105213425e-02,-4.724406421881959667e-02,4.399300461163837411e-02,1.154591000345809859e-01,-2.576713611769362866e-02,5.569938505400190421e-03,3.413961573914757464e-02,1.134942659881236771e-01,-1.146842099266166121e-02,-3.260950801507717101e-02,1.421559824236598712e-01,4.759818165625477604e-02,1.953274042136580180e-01,1.852942529847362851e-01,1.304084067775896673e-02,1.851075909220755711e-01,-3.350110066794190211e-02,-2.299947331023489971e-02,8.219075379105483803e-02,1.329431400351045733e-02
-2.466099766246704350e-02,-3.017403920622363511e-02,1.304319694093054038e-01,-3.276032952120833119e-02,-1.193193628691563597e-02,1.297159661295131314e-02,1.637154570894378469e-03,7.506170602757293239e-03,-3.796864575911959583e-02,-6.308474351311990636e-02,3.159396089179175582e-02,3.123870949101692582e-03,1.046488834236982968e-01,-6.612874641676680376e-02,2.006303615943936802e-01,1.578704066954532068e-02,-3.948341322061520164e-02,-1.139601700003739920e-01,-6.094143694198479733e-02,3.376428924923148833e-01,5.614708695854453424e-02,1.374600620478728663e-01,1.444851116532767377e-01,0.000000000000000000e+00,-4.870887750874890176e-02,6.126148645344258598e-03,7.830706422671659950e-02,-2.755676239855417431e-02,4.717226730597724738e-02,1.115246437697323123e-01,1.908869803311206703e-01,9.803888326165774436e-02,2.277769178304268546e-02,2.124584939622790047e-01,1.405458099033745079e-01,-1.644670987609006194e-02,-4.181814957195535698e-02,-5.722583839979580866e-02,6.768127733794522538e-02,-8.587268754942787435e-03,1.001827435397352820e-02,5.714284836892388059e-02,-4.345133839121469513e-03,4.044938738963549385e-02,-3.930081363971373726e-02,-2.103261863832232847e-02,2.127078525116673502e-01,6.853815172280569579e-02,7.411206416349976067e-02,2.232323626435937514e-01,4.424547082222278216e-01,7.962228435429154552e-03,-1.562783163107183890e-03,8.365042305229965225e-02,3.317160367021179113e-01,1.959306465643823048e-01,1.023989440339358042e-01,4.636306746639767828e-02,1.214198237271493785e-02,8.993418712535153348e-02,6.116444789553922637e-03,4.608087139224084638e-02,-3.670020483610574730e-02
