0.000000000000000000e+00,-2.912742924303237529e-02,-2.210102620330674922e-02,3.675962968497290678e-02,2.439435352239046478e-02,-8.680110125828106177e-03,-2.119432338352946268e-02,-4.701859998862268145e-03,-8.644987856444892246e-03,-4.931602034340002404e-03,8.207421324238951127e-03,-1.755331985724849220e-02,-1.629607369629922087e-02,-8.500981248566298956e-03,1.436844939721403785e-02,4.411949917849315034e-02,-2.536428504743971218e-02,-1.486068504140818092e-02,-1.221735024975023620e-02,2.322851232238686003e-02,-1.468717405030418345e-02,-2.347051480342575783e-02,5.345718573562815469e-03,6.210632973779567356e-02,-8.017723626124417108e-03,1.650050598483025072e-02,2.639289040286352337e-03,-3.610409034606655576e-02,1.214594177959525331e-02,2.690859022426522751e-02,1.355923674692477952e-02,-4.674945708981188830e-02,2.446504188919734410e-03,-2.839941717592029888e-02,-4.644023338333326534e-02,-2.379369219995197335e-02,2.000905549514895090e-02,-5.036114145418369575e-03,-4.146473349030008887e-02,-1.842354968531238063e-02,-2.280830427679917533e-02,-1.200743103603735783e-02,-3.447666851031368912e-03,9.449947606215836418e-03,-5.560346351049520047e-03,4.828713329630910517e-02,-1.496067554874349823e-02,1.354603046538686330e-02,-2.501905300818350539e-02,-2.081011539634709112e-02,7.845255776236759529e-03,-1.229055054798686847e-02,-1.632800741954031076e-02,-1.223337241926301250e-02,1.019437928823744705e-01,-1.964664533874740937e-02,-1.144954214027001788e-02,-1.284466942714580090e-02,1.453010300808607949e-02,-3.009190507582976473e-02,1.644268616807289390e-02,-4.610993215610680734e-02,2.222786691360265771e-02
-2.912742924303237529e-02,0.000000000000000000e+00,-6.440372076872549756e-02,1.389863067502020502e-02,-4.095753786380255945e-02,-3.445694401966088727e-02,-1.002936192392432646e-01,-3.823966199924832415e-02,-4.487673987033466427e-02,-2.886854827280770433e-02,-2.405986104507061921e-02,1.715656315217508818e-02,-2.402387985407276189e-02,-7.602567807707272252e-02,-1.375424335995006561e-02,3.547772394221844657e-03,-2.849184973065526510e-02,-2.628158102582272074e-02,-1.334059203031463109e-02,3.535832704647041275e-03,9.515545108583758557e-03,-4.592087039617419320e-02,-2.563963196630622901e-02,-9.988792373275590802e-03,-5.250512187716082496e-02,-3.766841129987909265e-02,6.252501574779978366e-02,-3.365353559943663059e-02,-1.230352505335398014e-02,-4.384949666984147565e-02,-1.403606592180128496e-02,-5.490060142387266640e-02,-4.052406129232868914e-02,-1.942745294171194931e-02,-1.323912533260367674e-01,1.628314102705878674e-02,-9.098583106449373986e-03,-2.637579102712906201e-02,-2.332411003217506329e-02,-1.475838206598163727e-02,-7.456799017138271424e-02,-8.514088965599700409e-03,4.100350067555214029e-02,-2.598038003615189134e-02,3.569201911481262313e-02,1.236690815269753541e-04,-6.717364386985257008e-02,-1.962946132016800405e-02,-2.991063357780451848e-02,3.224964720478951802e-02,-3.676062893525713395e-03,-4.239987056753966727e-04,-1.990024208837627012e-02,-3.865595156932753740e-02,4.777187490606306028e-03,-5.259464509501988322e-02,-6.846821788650758744e-02,1.567834255351651523e-02,-3.856679666837736775e-02,-6.680760822530006082e-02,-8.996148227605842151e-02,-5.668733535625749068e-04,-5.456790095069917468e-02
-2.210102620330674922e-02,-6.440372076872549756e-02,0.000000000000000000e+00,-2.326571546521126119e-02,1.608090636969587272e-03,-1.099962691587845140e-02,-3.037833801039296205e-02,-5.159630674068027209e-03,-1.893485343785232186e-02,1.769724774088614686e-02,3.148791326993150008e-02,4.477163333824692865e-02,-1.811219599064138944e-02,-8.508747042034248143e-03,5.967672064823268535e-02,1.677715399659380699e-02,3.820615642761984732e-02,-1.707000356138618780e-02,1.900177458046233697e-02,6.341779276911087282e-02,1.187324529933215037e-02,2.128733678773109608e-02,-1.321018102525082019e-02,-2.040700253308717210e-03,-5.612683543602768957e-03,-6.026885254201593857e-03,-4.811319747330072838e-02,-1.536215183404646134e-02,-2.795952764965838923e-03,-1.599531961731192123e-02,-3.077561423235014582e-02,-2.144616647740229740e-02,-1.527673955851462095e-02,-2.804663975082707927e-02,-9.345284583860824501e-02,-2.667275132535410626e-02,-4.344469514509678894e-03,-1.132453963433224624e-02,-1.140732640528944325e-02,1.094794047851256613e-02,-2.486177044173964665e-02,-1.647996659595841323e-02,-2.903918018985564981e-03,-6.214447283883576048e-03,-1.934533854709635098e-02,-1.033386752876241932e-02,-1.850400996832807926e-02,1.203464324025159682e-01,1.229950118874149553e-02,5.132046730814197877e-02,2.940922184291538261e-02,-9.070832297429970437e-03,1.740017871097596092e-02,3.185584821240495385e-02,6.528165655882762000e-03,-1.551148994445973942e-03,-1.072179289615020695e-03,-3.455925932134381456e-02,-1.161325669795186880e-02,-1.112909480918724409e-02,-4.242013053027622604e-02,-1.606182552382237616e-02,-1.557953363345570066e-02
3.675962968497290678e-02,1.389863067502020502e-02,-2.326571546521126119e-02,0.000000000000000000e+00,6.489025798014995058e-03,-2.217497049087038472e-02,9.642987561946295139e-02,5.591814355630006506e-02,6.400163549061650692e-03,3.648727038054380700e-02,-1.197951600321651294e-02,1.171933979023600907e-02,-6.463699346827087716e-03,-3.973690032194700933e-02,-1.425330485518001150e-02,6.718614770116684842e-02,1.809194961243161259e-01,-2.907567862050560933e-02,1.366305532006686918e-01,-1.683105999733101529e-02,-2.322804385703337859e-02,-1.261974492871850706e-02,-3.950908507096355382e-02,-3.479493936950395216e-02,-6.496215354154236121e-02,1.025474204716406504e-02,-3.407831330913833889e-02,-4.675130266484413093e-03,4.899245585788483681e-02,-2.967832139496431529e-02,-3.696577952789235205e-02,4.733321417439188827e-02,1.240582208756812674e-02,-1.946028905575896209e-02,-3.873374051408436103e-02,-2.576926871669370581e-02,6.003680754920857551e-03,4.319091654315508622e-03,7.601756946827008254e-02,-3.111932157564795479e-02,-3.776563970925932157e-02,6.948130269770121104e-02,-5.513354964239615061e-03,1.138605270771993021e-02,2.821901696529202294e-03,-2.249099970592230782e-02,-3.622246002249604468e-02,5.905786823693907894e-02,-9.225469545669677876e-03,-3.409652872694491493e-02,3.880824997177453189e-03,-3.281830795287813546e-02,1.484329431458423498e-01,-4.783353047496939278e-03,-5.965048564765630668e-02,-1.867189523012009050e-02,-6.578977908144137757e-03,-4.546609429242690070e-02,-2.520806635008498650e-02,-5.563909878872461828e-02,-5.141226550812438671e-03,-5.513931479599456197e-03,-2.838523573472123002e-02
2.439435352239046478e-02,-4.095753786380255945e-02,1.608090636969587272e-03,6.489025798014995058e-03,0.000000000000000000e+00,-1.111725057333808053e-02,5.103318969067941260e-03,-5.370836930813690374e-04,-2.429523311463770846e-02,3.192604624651183137e-04,1.320025792623714250e-02,1.792574296916733118e-02,8.888633686072053286e-03,-2.143335176416086979e-02,-7.007297082664890563e-03,6.111008152607674132e-03,2.567763858550093856e-02,-9.509717075738235992e-03,6.209368147945059507e-02,-2.905217669942621733e-02,-1.554229639095071683e-02,7.780855132817537066e-03,-3.181229791232293574e-02,-3.442534928797941207e-02,-3.289570309295564848e-02,7.392673789222340905e-03,-2.391664121555638067e-02,-6.528239324553865297e-02,3.863823574313682285e-02,-1.633373722863838348e-02,-5.706641091906590468e-02,-1.068010074603498345e-02,-1.290511674055950381e-02,-4.598662377293376985e-03,-2.637277102414219490e-02,-1.533609088623852021e-02,2.989579011709747949e-02,9.100180236340526391e-03,3.764344735488067348e-03,-4.110574811093176129e-02,3.062707301230015340e-03,5.067137076680218455e-02,1.089997164017104947e-02,-1.241730329251543481e-02,-4.108852206637786386e-06,-2.120610198799783089e-02,3.928473794901827555e-03,3.810354470777658348e-03,-1.466652445615838213e-02,-3.000977093872528659e-02,-2.233593786265798686e-02,2.347225091588690110e-02,2.461695603207459532e-02,-2.664246311329554473e-02,-2.567323806974039502e-02,-3.836812763174716340e-02,1.287043492036534214e-03,-5.857556859610797695e-02,4.787530355223317685e-03,-9.030989017414110809e-02,-3.579219932437861101e-02,-2.074503242163143121e-02,-5.424812597800514335e-02
-8.680110125828106177e-03,-3.445694401966088727e-02,-1.099962691587845140e-02,-2.217497049087038472e-02,-1.111725057333808053e-02,0.000000000000000000e+00,2.502298998423767989e-02,2.844217522375742935e-02,-3.520527975094252162e-03,-2.339585044413000636e-02,7.469546721371400633e-02,2.391988057492240582e-02,-4.219012144654802482e-02,3.272491634480581557e-02,-2.389927242106854033e-02,-1.025142829995856139e-02,-4.487155723825172159e-03,7.858833980193141028e-03,-1.280098916838569301e-02,-1.498411729574303068e-02,-1.301123310066510351e-02,6.117153029121343531e-03,2.265058136930099553e-02,-2.920215176484649428e-02,-1.871538064140115115e-02,1.419871756999735793e-02,-2.027911531168739151e-02,-3.571903981050707916e-02,2.345127753565453763e-02,1.950239301738805608e-02,1.299209494251298870e-02,8.440677634972358276e-03,-4.351239978836895020e-03,-1.040012255664044677e-02,2.984316786543358968e-04,-2.097736414344336664e-02,-1.456634499254958609e-02,3.035584429472568124e-02,7.424000755934858156e-03,3.956959354009312313e-02,5.509397836698439604e-02,-1.518776423881297230e-02,-2.951034097717780691e-02,-1.513516787799877930e-02,4.996909691825634874e-03,8.447441201928388918e-03,1.392915234397108966e-02,-2.623973861724561776e-02,-6.255718099390469335e-03,-1.687942136416940853e-02,-1.520075722492652409e-02,5.513456537716803635e-02,-1.630610388662715252e-02,-1.739038656802649810e-02,-9.340520566939989472e-03,4.081801022775919524e-03,2.711478157815610038e-02,-4.730537176024585469e-04,3.040157025103266270e-02,-1.030727935960686070e-02,4.810520529548281687e-02,1.651633572628391760e-03,3.571773411394685988e-02
-2.119432338352946268e-02,-1.002936192392432646e-01,-3.037833801039296205e-02,9.642987561946295139e-02,5.103318969067941260e-03,2.502298998423767989e-02,0.000000000000000000e+00,1.127117808273925444e-02,-7.885382931281071164e-03,-9.103976156918266310e-03,4.481495875527859857e-02,-4.915132634682266820e-03,-1.705364138871429472e-02,1.391762995126465986e-02,-1.970642165416105346e-02,-2.049668735951611434e-02,-1.801234914741745366e-02,-6.859917660096100274e-03,-2.433142686935038657e-02,1.564376069091101898e-02,3.740152398198655359e-02,2.569966083947607029e-03,-2.482112234083335908e-02,-2.180899227103830218e-02,-1.597059581326357863e-02,1.743437982597015670e-02,5.942867225993223382e-03,-2.348119990739983010e-02,-2.291848232155449527e-02,-2.155758591102335114e-02,-1.468560101125569728e-02,-6.472351453213149620e-03,6.188643749032052971e-02,-1.870815578218503958e-02,-5.383406189772670797e-02,2.346655967782602242e-02,-1.837461103151328407e-02,-1.259281215327688261e-02,-2.274709082031631940e-02,-1.804272063563865970e-03,2.980044236271645747e-03,9.146412313305884306e-03,3.290984961340737841e-02,1.299276121990254780e-02,-7.735490815191525642e-03,1.659992262073005116e-03,5.986623757639185708e-03,-3.231128307562300406e-02,-2.305774658669671948e-02,7.186215947425046713e-02,-1.819096271779834656e-02,-1.747834737645786660e-03,1.346133343231284071e-02,5.936399759789031533e-02,-1.952572790789781909e-02,-2.098709857120929084e-02,-4.793690566444607989e-03,-2.314295773323735150e-02,-2.098342240926195229e-02,1.441326189309676507e-02,-2.715501053231136191e-02,-1.115284674059480001e-02,3.420097633374746728e-03
-4.701859998862268145e-03,-3.823966199924832415e-02,-5.159630674068027209e-03,5.591814355630006506e-02,-5.370836930813690374e-04,2.844217522375742935e-02,1.127117808273925444e-02,0.000000000000000000e+00,-1.397157764093310758e-02,6.798748881819568178e-03,7.045642614563998180e-03,-1.188512053226640011e-02,4.469638958732482376e-02,-4.216763270544628128e-02,-2.844093724820200616e-03,-1.615500674712564561e-02,1.592335796652064039e-03,4.953852550430259266e-02,1.759918737861675131e-02,-9.492745472447595284e-03,1.665752318331579357e-02,1.354951654468614965e-02,-8.500137857787602724e-03,-1.805409752448348254e-02,-6.969194113956068276e-03,-1.828719138041490569e-02,2.212877229220470976e-02,-1.435624438814007628e-02,-8.701335486438718445e-03,-2.009353071955486889e-02,-1.152694612042650876e-02,-1.910371911230813319e-02,2.235338360245347003e-02,-1.300908047738592171e-02,-1.461118674458711936e-02,4.647758446635061325e-02,-5.784768710813613726e-03,8.143091419144647680e-03,-3.487447520846655158e-02,8.641914180600884787e-02,-6.922366542981533977e-03,-1.203751390919678699e-02,4.207101305766056121e-03,2.542753067710487938e-02,-2.193863277604292394e-02,8.290165471283566373e-03,-2.292230234021825491e-02,-1.321654551179041875e-02,5.949099096573873258e-02,9.800391854333796726e-02,-1.140113864609886701e-02,-1.800468445326071018e-02,-1.351727313159174423e-02,2.915335422700406076e-02,-3.557809739564979021e-05,-8.647180866928458678e-03,-1.879444353742987933e-02,-3.344227236717246116e-02,-1.375309012816623364e-02,-2.094645017651975555e-02,-3.922106979475025249e-03,-1.350369560195944889e-02,-2.200821246875141191e-02
-8.644987856444892246e-03,-4.487673987033466427e-02,-1.893485343785232186e-02,6.400163549061650692e-03,-2.429523311463770846e-02,-3.520527975094252162e-03,-7.885382931281071164e-03,-1.397157764093310758e-02,0.000000000000000000e+00,-8.125945244970969594e-03,4.320525926691099264e-03,-2.235139188122135107e-02,-4.447560203570447013e-02,3.294662643823492026e-02,-6.101437529089725510e-03,9.282988694566460600e-03,-1.735699694109917382e-02,-8.049493416787055836e-03,-1.214945593346242192e-02,1.262642338695377404e-02,-2.105675781396586926e-02,-2.165254204945366717e-02,-7.032446958356661226e-02,-1.580486069693033679e-02,9.408999584043616776e-03,-1.726730967702616582e-02,2.656241281883988531e-03,7.927810073441539374e-02,-1.980249684434036081e-02,-2.321775636968972240e-02,-3.075796576464360620e-03,-7.460062455393619459e-03,-2.056966099260804787e-02,-1.447703956155651714e-02,-3.364876833875465878e-02,-4.210774278571736886e-04,5.681367978641861660e-02,-2.309828332980290444e-02,9.420022215150918032e-03,-2.519798329984302560e-02,7.227477855324239420e-02,-2.296071200555897113e-02,-2.810508939321828409e-02,-1.483246106118708482e-02,2.247346635593778369e-02,2.109230118659388004e-02,-3.003170300850244862e-02,-1.545405066184307036e-02,9.329443152775809562e-04,-2.494205656892787074e-02,2.162707380391565293e-03,-7.601197290583477928e-03,-2.351126070251033373e-02,-2.401322715549523285e-02,7.585900894579993003e-03,-3.784708459152061333e-02,-2.758480076752260757e-02,-1.037507975073998986e-02,-1.876616829081579479e-02,-7.949224839803455470e-03,-3.075610068007603171e-02,-1.517244732871565055e-02,-2.365549779819462600e-02
-4.931602034340002404e-03,-2.886854827280770433e-02,1.769724774088614686e-02,3.648727038054380700e-02,3.192604624651183137e-04,-2.339585044413000636e-02,-9.103976156918266310e-03,6.798748881819568178e-03,-8.125945244970969594e-03,0.000000000000000000e+00,-1.533099865783740107e-02,-2.199673553869983811e-03,9.657799252390285305e-02,9.226467748404543201e-02,2.951528698181366157e-03,7.874060560323195568e-02,-7.014144830711405154e-02,4.932599126162852399e-02,3.280358294644285244e-02,-3.226743687878105837e-02,-5.028807970767577157e-03,-2.260846158742544493e-02,-2.602349356781509179e-02,-2.092811834558514286e-02,-8.539174054548490794e-03,7.770702046317025380e-02,-2.806983798299711452e-02,1.154530716217391506e-01,8.018280240843366977e-03,-1.163599899783351183e-02,-2.835727644841827891e-02,1.786410715963391432e-02,-1.663320623005073995e-02,2.122073209402061678e-02,2.313677360802772823e-02,-3.916327682064982274e-02,3.706358816451652688e-02,-1.588918153603459393e-02,2.782874022357295640e-02,-3.491504537068124137e-02,1.385358036573699006e-02,1.595049870092476452e-01,8.775655207562821358e-02,-4.815184747909685703e-02,8.195073608493569361e-02,-2.172291070807572111e-02,-2.292197930192155231e-02,3.553337175503559764e-03,-1.507245458253056100e-04,4.315977102063812965e-02,-4.083755537166604277e-02,3.038484439550483834e-03,-4.516672904997012100e-02,-3.417780314549463683e-02,2.470232416703748921e-02,-2.364087022795260257e-02,-2.249826785148450331e-02,-4.241309828812610261e-02,1.831829325251339152e-02,1.036545056139092161e-02,-8.273434688205526938e-03,2.601243571575338753e-02,-2.275850597549584214e-02
8.207421324238951127e-03,-2.405986104507061921e-02,3.148791326993150008e-02,-1.197951600321651294e-02,1.320025792623714250e-02,7.469546721371400633e-02,4.481495875527859857e-02,7.045642614563998180e-03,4.320525926691099264e-03,-1.533099865783740107e-02,0.000000000000000000e+00,-2.202570207669121705e-02,8.397629804927127239e-02,-6.319791108597520857e-02,-1.544992803306984366e-02,1.642896681404551473e-02,9.061621859963631120e-02,3.979703886398956725e-02,5.966422392757128601e-02,-3.488373423369714454e-02,-8.166710029081255401e-03,4.173654698196568175e-02,-3.138567779539760093e-03,1.447407032413336632e-02,2.447627405342437962e-03,-1.103563533637640960e-02,9.592407103233401705e-04,-1.700121434501224160e-02,-4.324950790061122576e-03,2.653994778875647803e-02,-1.279298459978218776e-02,1.273645422543142475e-02,4.034817011307797324e-02,2.149360993848992846e-02,1.537372501124215432e-02,-1.251973707487377685e-02,2.856960165103495861e-02,-3.489750666919842065e-03,5.379641337503156609e-04,3.455149059946778511e-02,-3.405304780427349104e-02,4.191970186088113393e-02,9.286522170022290523e-02,1.056429593865073312e-02,-2.791164515781776115e-02,-7.410099388414958035e-03,-3.255664318074030089e-02,1.024033697148623301e-01,1.789013289666419315e-01,3.652883349404839608e-02,-3.140959152307978841e-02,-3.917000872343444351e-02,-1.338515528473011029e-02,1.171137703559902224e-02,-1.021503768166778965e-02,5.691514396405086135e-02,1.361531561240428116e-02,-2.453412248633288911e-02,-7.011707069008465444e-03,8.595942859669442049e-02,7.344512208089140626e-02,1.171489604913326932e-02,5.412539786393449209e-02
-1.755331985724849220e-02,1.715656315217508818e-02,4.477163333824692865e-02,1.171933979023600907e-02,1.792574296916733118e-02,2.391988057492240582e-02,-4.915132634682266820e-03,-1.188512053226640011e-02,-2.235139188122135107e-02,-2.199673553869983811e-03,-2.202570207669121705e-02,0.000000000000000000e+00,-8.234170679448159225e-02,3.425153037001610334e-02,-2.231998310642106451e-02,-1.385023212098998591e-02,-4.183862565378575898e-02,-2.958582061911800565e-02,-2.601722613984060878e-02,-7.348954117247107412e-03,-3.689994959587308831e-02,1.123163889776868790e-01,-2.143628250091889065e-02,-2.191698468003226014e-02,6.427793530237352337e-02,3.943620800045859881e-02,-3.705677676090404077e-02,-2.138348776713450833e-02,-2.001145076030430223e-02,-5.662628175829152732e-03,-1.509590691640090750e-02,2.300725264168076642e-02,-3.571884743575866675e-03,-1.053771094840272662e-02,-1.081056198565846609e-02,-2.653323437509954794e-02,-2.194206147681254659e-02,7.267651678700544349e-02,1.566218664644333097e-02,7.182716600674088174e-03,-1.172788200003078637e-02,-3.669562983847832888e-02,-5.171109206311243905e-02,-5.523085168192839317e-02,-1.363732715065616059e-02,-1.051060587243925724e-02,8.380927588298762998e-02,4.098695484378078735e-02,-6.082442859727472777e-03,6.733405004646154587e-03,-2.509050505560661212e-02,-2.317918391611700074e-02,8.629090744964144910e-03,2.642888371913932125e-02,-2.904418967244425109e-02,-2.579138165067315289e-02,2.635405810780427210e-02,5.888711278636208496e-02,2.453036854749937948e-03,-6.746843740242069662e-03,-1.887640173405148031e-02,4.834730515137345731e-03,2.966716205195438216e-02
-1.629607369629922087e-02,-2.402387985407276189e-02,-1.811219599064138944e-02,-6.463699346827087716e-03,8.888633686072053286e-03,-4.219012144654802482e-02,-1.705364138871429472e-02,4.469638958732482376e-02,-4.447560203570447013e-02,9.657799252390285305e-02,8.397629804927127239e-02,-8.234170679448159225e-02,0.000000000000000000e+00,-5.254107174245065126e-02,-8.275616242190184102e-03,4.264057065459191109e-02,1.915008271906321405e-02,-8.390310163543416438e-03,1.634366683739735260e-02,-2.881235248711345315e-02,-2.555936577750998057e-02,1.624502221783647934e-02,-6.668373814820266476e-02,-8.336853163490139801e-03,1.351908850194046344e-02,-2.825045851590870724e-02,8.756565343576646092e-04,-5.329194402509559308e-02,-3.707672903049238650e-03,-1.233603572381083979e-02,-1.918244065097783613e-02,2.172915033344168315e-02,-4.977342125492985846e-04,-1.263363030459040658e-02,-6.852994079750785242e-04,-6.181502902849775327e-02,-2.320573233782481041e-03,-2.337083333656005124e-02,-4.792855081785150906e-02,-1.320939205385852633e-01,-1.130080492740391518e-02,-2.593237246757115755e-02,-5.574285537900618148e-02,-5.294409876050814451e-02,-3.341358602886375373e-03,3.074557187566183750e-02,-1.399621993855469648e-02,8.200101468612895454e-04,1.385022841231460869e-02,-1.103984293243742178e-02,-2.327111740040707644e-02,-2.564647598181361149e-02,1.199314276624504488e-02,-2.928652521502903006e-02,-1.680751853908022189e-02,-2.427580996222867063e-02,-1.008006386872608608e-02,-3.029428637569712979e-02,-6.477071379905585333e-03,-8.873857782919550991e-03,8.804096647115611934e-03,9.010076709410059885e-04,4.812016485108237124e-03
-8.500981248566298956e-03,-7.602567807707272252e-02,-8.508747042034248143e-03,-3.973690032194700933e-02,-2.143335176416086979e-02,3.272491634480581557e-02,1.391762995126465986e-02,-4.216763270544628128e-02,3.294662643823492026e-02,9.226467748404543201e-02,-6.319791108597520857e-02,3.425153037001610334e-02,-5.254107174245065126e-02,0.000000000000000000e+00,1.212260716748224040e-02,3.113250333389358526e-02,-5.648214251015341858e-02,-2.386869300127262422e-02,-3.147709713287352717e-02,4.799810005286132483e-03,-2.886070076604514700e-02,-2.582275180076790480e-03,-3.771985168529138482e-02,-7.792158676526671907e-03,2.952325641611023427e-02,1.237125325129652120e-01,2.109816758217650245e-02,-3.245470964610181093e-03,-1.627809217904194194e-02,-2.515068596230397857e-02,-1.201180346853337327e-02,-1.570568452159036912e-02,-1.399215585953417218e-02,-1.217753473968691269e-02,-2.796275845293918691e-02,-4.782901281682260843e-03,-3.653668507637447549e-02,-9.907359197610102891e-03,5.179194844321604457e-02,8.712581793194082436e-02,-2.615665129906393285e-02,-2.234762472206377679e-02,-1.198708959098547001e-02,-5.808826576119767438e-02,4.366510449310333393e-03,4.635942563905641467e-02,-9.539675099507996525e-03,-2.073785987391145100e-02,-2.635586653301355900e-02,-1.924220182891126646e-02,1.375299208412486020e-03,-2.342099354209176490e-02,-3.777512874275234384e-02,-2.552886887956445222e-02,-6.889581959330193066e-03,-2.531155042465612487e-02,5.592866172016272910e-03,3.323839703158280173e-02,-2.101288394567063164e-02,-3.572432851127596565e-02,-4.109369076170646395e-02,-1.320541381233066025e-02,-2.527923289795628095e-02
1.436844939721403785e-02,-1.375424335995006561e-02,5.967672064823268535e-02,-1.425330485518001150e-02,-7.007297082664890563e-03,-2.389927242106854033e-02,-1.970642165416105346e-02,-2.844093724820200616e-03,-6.101437529089725510e-03,2.951528698181366157e-03,-1.544992803306984366e-02,-2.231998310642106451e-02,-8.275616242190184102e-03,1.212260716748224040e-02,0.000000000000000000e+00,-1.059387245829981027e-02,-1.982909227407873495e-02,-1.846842057489479078e-02,-1.744705017556048843e-02,-2.175120833506793971e-02,-2.048663101495464683e-02,-2.224836333708368058e-02,-2.305101982209074515e-02,-2.260820935529430156e-02,-1.511094727297873121e-02,-1.395738588848420038e-02,5.000550656506170047e-04,-1.229770355763139776e-02,-6.347210516456251728e-03,-1.537270244169832920e-02,-2.946217987128838325e-02,-8.515425004917942867e-03,-5.154071197369698362e-03,5.050567851479256798e-02,1.163319953271496621e-02,3.689939167892298741e-03,-1.373089509715390288e-02,-4.663319117239672802e-03,-1.948802725163824301e-02,-4.694920528185245190e-02,2.577187251328482212e-02,-1.965897479895536634e-02,-1.632541233501945410e-02,-1.317467364131581081e-02,-3.748821497568441581e-03,-6.938277036468810249e-03,-2.489361416162172089e-02,-2.161645767172175325e-02,-2.318785002475053439e-02,-1.960041995186189573e-02,-2.606590083324172510e-02,-1.203987195070860619e-02,-8.259784032373075624e-03,-2.389879497866250618e-02,-4.269975164084128735e-03,-2.546100383332530748e-02,-1.845554481730954377e-02,-3.502409354346425197e-02,-7.495103218472669998e-03,-2.352591446509034664e-02,1.816113327366230754e-02,-1.285178830526935607e-02,-2.331985204413088847e-02
4.411949917849315034e-02,3.547772394221844657e-03,1.677715399659380699e-02,6.718614770116684842e-02,6.111008152607674132e-03,-1.025142829995856139e-02,-2.049668735951611434e-02,-1.615500674712564561e-02,9.282988694566460600e-03,7.874060560323195568e-02,1.642896681404551473e-02,-1.385023212098998591e-02,4.264057065459191109e-02,3.113250333389358526e-02,-1.059387245829981027e-02,0.000000000000000000e+00,-3.184493447835498592e-02,-5.180784227696304256e-02,-4.694495417254528069e-02,-1.968075620866559933e-02,-7.376278670614282856e-03,-3.335150979713234071e-02,4.999284904622618673e-03,-1.510751734237509789e-02,-2.035137510379218459e-02,-1.746660245167288086e-02,-1.992302049599598696e-02,5.698229425710568327e-03,-2.282067609049876628e-02,-1.921681293538551188e-02,-1.027411541324256376e-02,-1.769236309905049959e-02,3.156808089479392308e-03,5.544314496111357737e-02,-1.682699853194557366e-02,5.797082927671259531e-03,1.043251708026824744e-02,1.808679329559209278e-02,-4.407997279593970502e-02,-6.151032115515487481e-02,1.132596909849641342e-01,9.422715089279188119e-03,-1.000124795060937898e-02,-2.044635016955047638e-02,-5.512287325764282132e-03,-1.712804732222966697e-02,-2.507908690188760670e-02,5.426903676247289698e-02,-3.671646242166617946e-02,-3.897329552947233905e-02,-9.587478012404440295e-03,-3.122678622737418835e-02,-1.354266826570705261e-02,-6.983134928581657096e-03,-7.563869902480139205e-03,-2.682596750418316661e-02,-2.820870860188397222e-02,-1.194799257809196595e-02,-1.410453019238360611e-02,-1.155994132769729010e-02,-5.109771679865015778e-03,-1.398156424773431238e-02,-2.965757883387029614e-02
-2.536428504743971218e-02,-2.849184973065526510e-02,3.820615642761984732e-02,1.809194961243161259e-01,2.567763858550093856e-02,-4.487155723825172159e-03,-1.801234914741745366e-02,1.592335796652064039e-03,-1.735699694109917382e-02,-7.014144830711405154e-02,9.061621859963631120e-02,-4.183862565378575898e-02,1.915008271906321405e-02,-5.648214251015341858e-02,-1.982909227407873495e-02,-3.184493447835498592e-02,0.000000000000000000e+00,-4.170037965831979027e-02,5.716771088682169599e-02,-2.656921965286720977e-02,-5.486911194330405805e-02,-1.446219398940625650e-02,-4.216062971740518195e-02,4.338067419040560202e-03,-1.911039423629574269e-02,6.310805967885734294e-03,-1.170352107414971213e-02,-1.148627085806908088e-02,-2.113326076435338707e-02,-1.701839903328886128e-02,-1.529384414687003438e-02,-1.270185093404429567e-02,2.472991337795372307e-02,5.926930675564490159e-03,1.386889241985467258e-02,3.202817389377139723e-02,1.777560319742821637e-01,-2.042017534567453288e-02,3.069210841038290394e-03,-5.485265637504885966e-02,-2.765655681071383515e-02,5.223312599848697890e-02,2.686959392089029695e-03,-2.171749698248490873e-02,-1.132947596696873109e-02,-3.294761384633157486e-02,2.925428765651874249e-02,1.090138338434184020e-02,-1.289689461087791499e-02,-4.001119853497370205e-02,-3.749071828869929290e-02,-2.568058870578310976e-02,-2.335251549039420518e-02,-3.029771408192442200e-02,-5.141434244856314673e-02,-1.719450063661287845e-02,-1.281053474589918112e-02,-1.974720488317280656e-02,-1.942255654642491974e-02,-8.855723452942500587e-03,-1.687363712475042563e-02,-2.552388807031680251e-02,2.854186540142419383e-03
-1.486068504140818092e-02,-2.628158102582272074e-02,-1.707000356138618780e-02,-2.907567862050560933e-02,-9.509717075738235992e-03,7.858833980193141028e-03,-6.859917660096100274e-03,4.953852550430259266e-02,-8.049493416787055836e-03,4.932599126162852399e-02,3.979703886398956725e-02,-2.958582061911800565e-02,-8.390310163543416438e-03,-2.386869300127262422e-02,-1.846842057489479078e-02,-5.180784227696304256e-02,-4.170037965831979027e-02,0.000000000000000000e+00,-6.851307857030683457e-02,-3.186605546576855991e-02,-3.353299836005400186e-02,5.034753726948391558e-04,-1.934655012303274080e-02,4.314193711084259031e-02,-1.201346721790196373e-02,-1.717898773741328988e-02,2.862637980916859018e-02,2.351581461941186502e-02,1.012236218342612432e-02,2.578683198742868967e-03,-5.652498305253692706e-03,-3.395662381891468781e-03,-2.968029394897650497e-02,-1.367898192528167398e-02,-1.700448782167038667e-02,-2.157583979524151443e-02,4.916820828358801215e-02,-2.446071665390247424e-02,4.344007037406960592e-02,5.476551673562636948e-04,7.392608491602838117e-02,8.933382601840410969e-03,-1.682251955407207053e-02,-3.890798710825571494e-02,-3.866542726642678562e-02,-4.467262979558433988e-02,1.635436620777071248e-02,-8.667565068596561062e-03,-5.045731050161507240e-03,-2.943517640432827612e-02,-5.139414144808408802e-02,-6.984365374896177661e-03,-1.591301936593944588e-03,-5.064121432579042452e-03,-1.345927398733625172e-02,3.016317436896735933e-03,-1.187533104069633978e-02,5.882029248135644400e-03,-1.066763928855912064e-02,1.204070648161719402e-02,-2.865247396985512451e-02,4.494929358413896070e-02,-9.584829018905057646e-03
-1.221735024975023620e-02,-1.334059203031463109e-02,1.900177458046233697e-02,1.366305532006686918e-01,6.209368147945059507e-02,-1.280098916838569301e-02,-2.433142686935038657e-02,1.759918737861675131e-02,-1.214945593346242192e-02,3.280358294644285244e-02,5.966422392757128601e-02,-2.601722613984060878e-02,1.634366683739735260e-02,-3.147709713287352717e-02,-1.744705017556048843e-02,-4.694495417254528069e-02,5.716771088682169599e-02,-6.851307857030683457e-02,0.000000000000000000e+00,-3.630983620379320959e-02,-4.505629355035930400e-02,1.921887043501688090e-03,-1.584777518991838455e-02,-2.795867413037748939e-02,-3.383844327928126755e-02,9.709751812384787018e-02,-6.573018394291974854e-03,-3.152319678468344655e-02,2.778479506797176118e-02,1.476323596287241677e-02,5.933158027357374881e-02,-4.603560471681893140e-02,7.078993521120104104e-03,-1.412279118517172777e-02,-2.943665354581570526e-02,-2.726259224773039131e-03,1.395997787156044168e-01,4.184251391697890211e-04,-3.148945354139023878e-02,3.317584401062099314e-02,2.573491575497889594e-03,7.522188075157815179e-02,5.115416921304970221e-02,-1.965138148953050196e-02,-4.167321355287376822e-02,-4.993167829353668818e-02,1.003105619734702553e-01,-5.561725881338996577e-03,-1.303288865112759917e-02,-3.875107573524335519e-02,-3.549937104645368990e-02,-2.265846526125250490e-02,-6.062630095078254573e-03,-2.788736649496180095e-02,-2.880106645874097246e-02,-1.946338751860510197e-02,2.333077116160860512e-02,3.099248772671498592e-02,3.215408362036781265e-02,-3.115314469263248676e-02,-4.824884583771732113e-03,-4.749732490538854240e-02,3.000386994049939610e-02
2.322851232238686003e-02,3.535832704647041275e-03,6.341779276911087282e-02,-1.683105999733101529e-02,-2.905217669942621733e-02,-1.498411729574303068e-02,1.564376069091101898e-02,-9.492745472447595284e-03,1.262642338695377404e-02,-3.226743687878105837e-02,-3.488373423369714454e-02,-7.348954117247107412e-03,-2.881235248711345315e-02,4.799810005286132483e-03,-2.175120833506793971e-02,-1.968075620866559933e-02,-2.656921965286720977e-02,-3.186605546576855991e-02,-3.630983620379320959e-02,0.000000000000000000e+00,-1.190916108086074662e-02,-2.414491836654196130e-02,-8.221614395809048736e-02,-2.138670414097275721e-02,-2.847779918355735143e-02,-2.048282646849059613e-02,-1.163252844319249447e-02,-1.510121606319901610e-02,-2.304725012737640633e-02,-6.006862262864075958e-03,-2.105533103479487536e-02,-3.965742440831591942e-02,-6.976181851837238469e-03,2.095697640216381830e-02,-9.904232218137092383e-03,3.464554429646548705e-03,-9.858638349561372333e-03,7.985924337559509312e-02,-2.324458679923766327e-03,5.898067426663954060e-03,3.315089919017851633e-03,-2.798658329367097880e-02,-2.326932744917655990e-02,-5.377645053377239082e-02,-7.238695692139366505e-03,-1.276488833947529884e-02,-4.633042281576537497e-02,-1.696843923121934758e-02,-3.065743652680315984e-02,-2.080261537901578750e-02,-5.061545246367691459e-02,-3.305084865367657887e-02,-9.056164189670489612e-03,-2.958284662836474510e-02,-2.389243357174129778e-02,-2.385439342703905494e-02,-2.476503293916656329e-02,-2.665778416275109419e-02,7.269538181497744653e-03,-2.858096118236337895e-03,4.156445287570925337e-03,-2.857544118063755703e-02,-1.311092175193586187e-02
-1.468717405030418345e-02,9.515545108583758557e-03,1.187324529933215037e-02,-2.322804385703337859e-02,-1.554229639095071683e-02,-1.301123310066510351e-02,3.740152398198655359e-02,1.665752318331579357e-02,-2.105675781396586926e-02,-5.028807970767577157e-03,-8.166710029081255401e-03,-3.689994959587308831e-02,-2.555936577750998057e-02,-2.886070076604514700e-02,-2.048663101495464683e-02,-7.376278670614282856e-03,-5.486911194330405805e-02,-3.353299836005400186e-02,-4.505629355035930400e-02,-1.190916108086074662e-02,0.000000000000000000e+00,2.747302236324784819e-02,2.320903388371963090e-03,-1.110461117059428383e-02,-2.175349411186206644e-02,-1.365251183092055370e-02,-5.183788007648624727e-03,2.279952893882093712e-02,-9.203941243311091532e-04,-1.666163950988002601e-02,-2.299821091592672145e-02,-1.317099853135102715e-02,-1.842688144794259880e-02,-1.197621586765699325e-02,-1.623061058997281314e-02,-2.779442836149787280e-02,3.010916179114852403e-02,9.116884300381652290e-03,2.191538439246206935e-02,-2.208726626021944792e-02,-1.844691750381074417e-03,-1.134115207592106822e-02,-1.532141486869192763e-02,-3.997208933999325808e-02,-2.978347984425008810e-02,-4.515755997148877994e-03,-7.661096395166545371e-03,-3.098346145295845233e-02,-4.543526431885094863e-02,-7.139724779595013615e-03,-1.409468748478421608e-02,-3.633444596252378284e-02,3.158605397795805070e-02,-1.280457390461602757e-02,1.758754704143708839e-02,-3.149823379135932577e-02,-2.367823069052080176e-02,-3.290242935866609375e-02,-9.749813848066880145e-03,-5.167025307896599279e-03,1.205197986946163549e-02,-7.527117787789169671e-03,-2.111744175939504753e-02
-2.347051480342575783e-02,-4.592087039617419320e-02,2.128733678773109608e-02,-1.261974492871850706e-02,7.780855132817537066e-03,6.117153029121343531e-03,2.569966083947607029e-03,1.354951654468614965e-02,-2.165254204945366717e-02,-2.260846158742544493e-02,4.173654698196568175e-02,1.123163889776868790e-01,1.624502221783647934e-02,-2.582275180076790480e-03,-2.224836333708368058e-02,-3.335150979713234071e-02,-1.446219398940625650e-02,5.034753726948391558e-04,1.921887043501688090e-03,-2.414491836654196130e-02,2.747302236324784819e-02,0.000000000000000000e+00,-1.025820061572356445e-01,-1.269264232044776432e-02,-3.253563922947817766e-02,-1.524471915050464033e-02,-3.294656378100534189e-02,-2.681767880731900089e-02,-1.622182785731837718e-02,-3.581465279776548105e-02,-2.645357663899244177e-02,-2.345331367052343879e-02,-2.477970682695897556e-02,-2.671200787712465011e-02,-2.341260473970772915e-02,1.064446602979514031e-02,-1.118596172950426723e-02,9.987679582175773910e-03,5.442655630370585307e-02,8.600508167103150525e-02,-3.837917964644589185e-04,1.005113132731949716e-01,-1.502129672741197956e-02,1.394668363865791440e-02,-3.184828467255865214e-02,-3.108535402803870237e-02,2.796883484431538641e-02,6.076631727078072448e-02,4.715382846483912732e-02,2.681879630690659627e-02,-3.451870356709604848e-02,-2.743419817590207060e-02,9.001716276406529493e-02,-4.292341671646179857e-02,4.679049438697281682e-02,-4.987571255968233086e-02,-1.674010420122886214e-02,-5.832262907859454143e-02,-2.104456455821290817e-02,-6.622313841270255352e-02,-2.773671415122815759e-02,-3.671022877043660093e-02,-4.101060862041952526e-02
5.345718573562815469e-03,-2.563963196630622901e-02,-1.321018102525082019e-02,-3.950908507096355382e-02,-3.181229791232293574e-02,2.265058136930099553e-02,-2.482112234083335908e-02,-8.500137857787602724e-03,-7.032446958356661226e-02,-2.602349356781509179e-02,-3.138567779539760093e-03,-2.143628250091889065e-02,-6.668373814820266476e-02,-3.771985168529138482e-02,-2.305101982209074515e-02,4.999284904622618673e-03,-4.216062971740518195e-02,-1.934655012303274080e-02,-1.584777518991838455e-02,-8.221614395809048736e-02,2.320903388371963090e-03,-1.025820061572356445e-01,0.000000000000000000e+00,-4.586445177191615652e-02,-7.186105421375620084e-02,-7.139070945366605969e-02,3.219720394970831782e-03,-4.165837710436232771e-02,-3.868338006654956085e-02,-1.324102294631791278e-02,-3.544221235106240209e-02,-1.142862408098437380e-02,-8.741772105557026745e-03,6.817751219723175785e-03,-5.137021075467011408e-03,-3.074892641385073080e-02,3.427699704683602466e-02,-2.083670672841696561e-02,-3.829728968576120995e-02,2.333313418060149053e-02,-3.595937728992103233e-02,-5.561296834344033047e-02,-5.505183911117350615e-02,-2.937956692251802657e-02,3.559729588846196821e-03,1.308015309805885418e-03,-7.443358676340833258e-02,-9.936705833893094003e-03,1.425984853883001044e-02,1.856445598117778539e-02,-6.910981474086164145e-02,1.684364708841327302e-02,-2.905338495307316360e-02,-7.023036470913819607e-02,-3.493954513199103162e-02,3.657642821771898978e-02,-5.773528630912575649e-02,-1.116000981474104675e-01,-4.286159443206182668e-02,2.885966292090426377e-02,-4.679568938135368616e-02,-1.893106262663552322e-02,-1.044420448225632896e-02
6.210632973779567356e-02,-9.988792373275590802e-03,-2.040700253308717210e-03,-3.479493936950395216e-02,-3.442534928797941207e-02,-2.920215176484649428e-02,-2.180899227103830218e-02,-1.805409752448348254e-02,-1.580486069693033679e-02,-2.092811834558514286e-02,1.447407032413336632e-02,-2.191698468003226014e-02,-8.336853163490139801e-03,-7.792158676526671907e-03,-2.260820935529430156e-02,-1.510751734237509789e-02,4.338067419040560202e-03,4.314193711084259031e-02,-2.795867413037748939e-02,-2.138670414097275721e-02,-1.110461117059428383e-02,-1.269264232044776432e-02,-4.586445177191615652e-02,0.000000000000000000e+00,3.036929801282509458e-02,-2.327751034364397911e-02,-5.204997833913985877e-02,2.177588720336829514e-02,-3.033824657247790463e-02,-1.273099231243318523e-03,1.370851628685370791e-02,-2.801092019050506129e-02,1.234413174364919208e-02,7.050070386834109137e-02,5.090935252952836186e-03,-1.086320797691983121e-02,-1.730567406198127434e-02,-4.971556473427743428e-03,-2.869217949426763198e-02,-5.246142540689179012e-02,-2.526174712558878002e-02,-3.986212136283773591e-03,-1.477445629612990363e-02,1.833111948875761413e-02,-2.356503523167820940e-02,-9.617248755321725420e-03,2.549695057245456031e-02,-1.555111046228047772e-02,4.841449024614721125e-02,7.250620677167035621e-02,-3.783204192170274566e-02,-3.686828227172769118e-02,6.313659856275291235e-03,5.819140462115998669e-02,-2.516537309977595963e-02,-5.918115178751102295e-02,-1.915839821155768466e-02,1.756878505694220135e-03,-1.768644645398834495e-02,-1.576602144397770341e-02,4.985538995271056838e-03,-6.007498379061206040e-03,-2.590811197725023576e-03
