0.000000000000000000e+00,1.311776465005254910e-01,1.420439295989102957e-01,5.026543161727837356e-02,1.579214772692022484e-01,1.436667515593060759e-02,9.502912306144196963e-02,2.192799290335366580e-01,1.705492573744452414e-02,2.250918643384272333e-01,1.280030529895002933e-02,1.863357403215750163e-01,2.303002126528508886e-01,-4.258752939893228201e-02,1.352242921755407723e-01,1.044969375375780773e-01,5.779240393987053470e-02,9.125096918500476273e-03,2.169154651391212198e-03,3.459384468277412750e-02,2.602572193049982885e-01,3.865893557256111501e-02,1.964245979204300163e-02,5.833843815211342543e-02,5.257038134932051632e-02,-5.766451616915391730e-03,3.806230156859403274e-02,2.235259374106561558e-02,-1.684254866526010627e-02,-3.492462812968356867e-02,-6.833900565979934838e-02,2.297521178492005489e-02,9.028934382879125198e-02,2.194578747520893602e-02,1.018216881157368338e-02,4.052239135936812169e-03,-4.692267726889750613e-03,1.471769480630147064e-01,-3.309336106711316394e-03,1.876185751584714678e-01,-3.239550954244016512e-02,2.702211303119018138e-01,1.478885941243689994e-01,2.545383343827321565e-01,1.311817991423883667e-01,1.204454211009609865e-01,6.006497858935484768e-02,-6.218819415874899531e-02,4.224175654622833870e-02,-2.562710156684228427e-02,8.871885849955937764e-02,-2.737933875529629038e-02,1.341505575429122188e-01,1.054448974210620282e-01,6.612810877644927088e-02,-2.661074011483584301e-02,-2.396857005058515913e-02,1.988744596507088791e-01,8.651520130580586665e-02,-3.336363074380534199e-02,5.037005745947588375e-02,3.450505684174499654e-01,-2.139734836331846912e-02
1.311776465005254910e-01,0.000000000000000000e+00,2.169938244090276191e-02,1.184176207506585157e-03,-1.437665404021077828e-02,1.029162388976386788e-01,1.985751257447016527e-01,1.195726120686521898e-01,7.335668579428281100e-02,1.943133175483824915e-01,-1.489108287829319852e-02,9.769095078018059930e-02,5.751855938818242059e-02,-1.417086790845292071e-02,-4.458607246512649551e-03,1.157799850549748322e-02,6.692588574661460094e-03,2.502834055233561783e-02,-1.777864584190938513e-02,-2.423446529566570390e-02,7.530824380605465052e-02,-3.375239611027066461e-02,-2.111234316989446178e-02,2.934689882941520986e-02,2.337779939911849986e-02,7.472779138702641093e-03,-7.228477977904912422e-02,-2.130714982027285750e-02,-1.509291686321328520e-02,6.299774836542529344e-02,-4.810493818035658370e-02,-2.290112565269715114e-02,1.671898469927098341e-01,2.341695767840167308e-01,5.730699609722803706e-02,1.619910791413960161e-01,4.944935619896830004e-02,3.375877131823472321e-02,1.806170589509599467e-02,2.298391254710293596e-01,-2.887143607092705535e-03,1.928233560073539521e-01,1.598316063649998439e-02,3.443656145178820155e-02,-3.036030526346034444e-02,-2.168947528335156069e-02,1.257539661405672991e-02,9.378545377432101482e-03,5.827645206509445008e-02,2.650696455818078029e-02,3.727090410244500440e-02,-1.331471397236027795e-02,5.077026516000977818e-02,-2.882472152664994347e-02,-2.893780284389422738e-02,-2.882467136813447045e-02,2.519132890214317161e-02,-1.969168417396606821e-02,5.347612796876095864e-02,-3.762209071800800414e-02,-2.308324156322767717e-02,-1.801217610147366754e-02,-6.422053891156164970e-03
1.420439295989102957e-01,2.169938244090276191e-02,0.000000000000000000e+00,1.096145191775540761e-01,-3.801346172419388381e-02,1.821097379649539716e-01,1.855601544476311038e-01,1.235833727708729284e-02,7.349788211144273053e-02,6.107810263370939963e-02,1.266072366480927025e-01,-3.444989558350017300e-02,-7.846866530292727349e-03,1.314376745075891695e-01,2.131119662729185835e-02,-8.326992255131353618e-03,1.186595271505724858e-02,3.441128626797847201e-02,1.998685168691706135e-02,1.629383416990118350e-02,9.236142724426876782e-02,-1.535238448483826866e-02,-5.243039747469075904e-03,5.985549994568570981e-02,-2.734174194868052230e-02,4.336543005205130419e-02,1.265692662416750269e-01,-1.104916220927355981e-02,-5.586859876236025674e-02,1.285132717754593895e-02,8.726258067999505263e-02,-1.810232571348491942e-02,2.042392171280799085e-03,1.903688777482065997e-01,1.608790456384804213e-03,6.767113283843356752e-02,1.306101825977871722e-01,1.280876490243108845e-01,2.113932727189607799e-02,-2.818881131070359071e-03,1.360144921700550402e-01,5.818393834415541699e-02,4.462212119553488759e-03,1.492999524330209105e-01,1.115255618216825020e-02,2.933269983827761773e-02,-3.122910016914654668e-02,1.051793925914131130e-02,-1.113237257214273399e-02,3.157402976893548124e-02,1.565392588733367785e-02,2.971020925625295073e-02,-1.269234557435882337e-03,2.588740193200378056e-02,3.852108180491678815e-04,-1.240889401617158334e-02,5.997153871164112582e-02,-1.567384436968532677e-02,4.106925318820113524e-02,-6.682409742987379352e-03,-1.787185485206843616e-02,8.661185627477141491e-02,-5.630592897493554017e-02
5.026543161727837356e-02,1.184176207506585157e-03,1.096145191775540761e-01,0.000000000000000000e+00,6.211097099023046159e-02,3.753585185812272074e-03,-3.990316544293723289e-02,-2.083567919820522585e-02,-7.554327623006758599e-03,2.245756193765420516e-02,4.171435388207433981e-02,-1.576720287832006351e-02,-3.509638114750592529e-03,-3.862700863936204855e-03,-2.121751189909315896e-02,-2.635639911384557790e-02,-4.984536556657419293e-02,5.541825019892990256e-03,9.421529320825551557e-02,6.098285408887900438e-02,4.373057166872526547e-02,-5.966232371522788361e-03,-1.879217068642352519e-03,1.194244476588228986e-02,-2.240171913717228097e-02,6.685466327961422928e-02,1.090841544198936294e-02,6.140299167240283185e-02,-7.373616805857623191e-03,4.938039203303645763e-02,4.878809739886968977e-03,6.222317496807625720e-02,3.472450541204191721e-02,2.404023255810667017e-02,-1.381623669156287551e-02,6.535013105524495325e-02,1.144235022241883552e-02,-7.835959790674671549e-03,-7.467809674125410607e-03,-1.566816408309228137e-02,6.722469389904200086e-03,2.819372148254195576e-02,4.096657454521025754e-02,7.058965889808114721e-03,-5.384623967392393462e-03,-2.094773670130786053e-02,-2.326207699850692603e-02,1.977531603289588158e-02,7.776174903445893030e-03,5.054239785765908544e-02,-1.375780976013915406e-02,2.938006647060690396e-02,-1.811545342413101167e-02,-5.173346707669715903e-03,7.576197585243127190e-03,2.432304074072052028e-03,-1.680782008499640684e-02,2.952760752359064739e-02,-5.176783109075315525e-03,-2.225890222714169055e-03,3.220186422347040035e-03,1.692713917924998923e-01,-1.652618151050793543e-02
1.579214772692022484e-01,-1.437665404021077828e-02,-3.801346172419388381e-02,6.211097099023046159e-02,0.000000000000000000e+00,5.359612411513779706e-02,-3.748243104167137824e-02,-6.585161429197483075e-03,5.815140757604249366e-02,5.894906220305527744e-02,3.754478541794608465e-02,-1.641993946023803663e-02,-1.129402297179322827e-02,1.055994110723591228e-01,-7.944137724253429178e-02,-2.313226237240096836e-02,-4.775389568380781352e-02,4.459510252010239623e-02,6.444502770928409174e-02,6.784962317358679551e-02,3.673496025587037056e-02,3.786417973357701985e-04,1.293981233175523632e-02,5.011299242895554673e-02,-2.004185254897115909e-02,1.345278061432016170e-02,6.128852821421749975e-02,5.917643680057510513e-02,4.008692742678723192e-02,1.409171378494413762e-01,1.599931039098201890e-01,-5.693033792440295796e-03,-8.627386809535047413e-03,1.373739635985374644e-02,-1.375445471258947283e-02,-1.687750465001004035e-02,1.122035762986892948e-01,-3.338493428207951058e-02,-2.339094816430118545e-02,-1.332818562716725323e-02,1.241175217031142419e-01,1.250207764909818178e-02,-2.443298232379087498e-02,6.246518625767126520e-02,2.351305307015710139e-02,-3.765294138921100597e-02,2.054103982104856473e-03,-9.911549110309999383e-04,-5.397119883367737514e-02,1.404511236351586034e-01,-1.916835778082502662e-02,6.905518791612952345e-02,-3.287826659955149500e-02,9.134273294830294598e-02,-2.380680319523526597e-03,6.214039102417780180e-03,4.532753514661467132e-04,-4.867670391467982319e-03,6.005309827834248715e-02,-7.946183482117523747e-03,2.680586915641823206e-02,1.429675289399926219e-01,-2.111473007291711154e-02
1.436667515593060759e-02,1.029162388976386788e-01,1.821097379649539716e-01,3.753585185812272074e-03,5.359612411513779706e-02,0.000000000000000000e+00,8.159186972840745677e-02,-2.553978141666170265e-02,-6.779793010225665384e-02,-3.087250991121838137e-02,-1.687104175762806427e-02,-6.886929625175916558e-02,-4.580478138582476377e-02,-4.295627796176312158e-02,-3.854339532980231853e-02,-2.264559425284485769e-02,-6.831492576910466741e-02,-9.073081563106365210e-02,-2.689190340273865318e-02,-1.355885120324022176e-02,2.600677044955802125e-02,-6.247207373688089954e-02,-2.523713406081784516e-02,1.311626977901220875e-02,-1.049997231140245568e-01,-4.317097916627441259e-03,-5.524395595947576010e-02,-3.680224643407114388e-02,-4.983461579596770719e-02,-1.052139573512184401e-01,-5.491487683640695894e-02,5.540459798934802699e-02,-3.340355044907398693e-03,-3.693296111346188598e-02,1.444882361764091364e-02,1.553016147178215012e-01,-1.059825082547170144e-02,1.468843948195159288e-01,-5.343400616165815131e-02,6.154924932509751867e-02,-3.174397719629138206e-04,1.008908130644135814e-02,-4.088975659308043131e-02,-8.349665047245737048e-02,-4.713520068837281224e-02,-1.194992407957881468e-02,-4.205050945150357045e-02,1.804656371798098527e-02,-7.261798949721870455e-04,5.844129619873513620e-03,-2.175129027427249312e-02,6.313152412459922813e-03,-8.995514792510142174e-03,-3.733053316019018658e-02,-4.167000105948488742e-02,9.675656663648800337e-04,-4.908998088665523368e-02,-7.163555097125838891e-03,-6.429150833645569385e-02,4.164662474606135867e-02,-3.233684401449639367e-02,1.375292283323212295e-01,-7.930813056690809437e-02
9.502912306144196963e-02,1.985751257447016527e-01,1.855601544476311038e-01,-3.990316544293723289e-02,-3.748243104167137824e-02,8.159186972840745677e-02,0.000000000000000000e+00,-6.164415794208891186e-02,-8.993793276120472246e-02,-6.759796551122616848e-02,-3.181816113849686434e-02,-8.721895419527705973e-02,-7.262851032721612254e-02,-4.399356274597313737e-02,-5.166682966323898202e-02,-4.455312929092887508e-02,-1.167996821611742009e-01,-1.306520931648633976e-01,3.961826361876437559e-03,-2.454578898921740138e-02,-2.483199619106881209e-02,-8.805241978133354630e-02,-5.371627035430732999e-02,-6.929299557934640030e-02,-1.370853263907524378e-01,-2.684535356790501356e-02,-1.021523962796955509e-01,-5.321748069030399209e-02,-1.242568261433944082e-01,-4.989144416045477454e-02,-8.883267377467905790e-02,-3.962017119443564384e-02,-1.274954782663827862e-02,4.574333832880704553e-02,7.838196626638663234e-04,1.982847058831791742e-01,-2.560984280466003377e-02,1.292018574199575442e-01,-7.993580139694811404e-02,-5.422835050096563164e-02,-3.772739811228333767e-02,-7.008018758005844784e-02,-6.848625698256823047e-02,-9.431695716030907839e-02,-2.952168371615944073e-02,-3.814934579798323622e-02,-5.874909494512529223e-02,-1.020070964852710232e-02,-2.944780338847829276e-02,-1.376375424258230451e-02,-2.259449378807352332e-02,-1.996651839531685124e-02,-5.321656343145276385e-02,-6.363304165219223207e-02,-7.966981535073358600e-02,-2.662458625073951118e-02,-6.151923451396937303e-02,-7.439373931367054826e-02,-9.352002851857009469e-02,7.822290537918140385e-02,-2.883105573016565837e-02,1.437825134352834801e-02,-3.130243733767951175e-02
2.192799290335366580e-01,1.195726120686521898e-01,1.235833727708729284e-02,-2.083567919820522585e-02,-6.585161429197483075e-03,-2.553978141666170265e-02,-6.164415794208891186e-02,0.000000000000000000e+00,-5.130633857541408438e-02,-2.842891816895967705e-03,-1.292959386252520715e-02,-2.578154926982759165e-02,1.154576593986206094e-02,-3.735753524567603928e-02,-6.836774213000232359e-03,6.609587797468799431e-02,1.010382055861920418e-02,2.491340460269429735e-02,-5.346030140696042370e-04,-2.448030838048217625e-02,1.090169960178803826e-01,-2.449715998075375697e-02,1.405222184978270894e-01,9.002376982964971006e-03,-4.443389748445326914e-02,-4.374065229006643407e-02,4.266571062331184216e-02,1.469544273533393564e-03,2.070239973770620495e-02,2.119574569255177482e-02,-4.207421387390302553e-02,-2.034189993851253167e-02,-2.251343709715361574e-02,-6.482881061766607687e-03,5.438794378380756855e-02,-2.602589196582836585e-03,-1.277040363229067950e-02,-2.126096569131346453e-02,-3.338280753410242246e-02,-2.937255077780456802e-02,4.639809901957943176e-03,1.009792909242426470e-02,-3.397954719161306453e-02,-2.937289406385200363e-02,-7.199939790505018034e-02,-4.774111284952106682e-02,8.595256159068774549e-04,-1.954855173343120200e-02,-2.209468010730246401e-02,5.723865220465305242e-02,1.616813574814998655e-02,7.443592034336368735e-02,-2.742184253406116864e-02,1.126286421930785681e-01,-3.891814885707350208e-02,7.656322373675975707e-03,4.517264427676249278e-02,2.671219263560193832e-02,4.964143950724224374e-02,-2.471521842947824177e-02,5.016512499375307479e-03,4.857026882865522754e-02,-3.488494435379219105e-02
1.705492573744452414e-02,7.335668579428281100e-02,7.349788211144273053e-02,-7.554327623006758599e-03,5.815140757604249366e-02,-6.779793010225665384e-02,-8.993793276120472246e-02,-5.130633857541408438e-02,0.000000000000000000e+00,-8.788058798738673794e-03,1.063035736679880487e-02,-3.445839944794467508e-02,2.946005349947991916e-02,5.889734780945974496e-02,-1.933798369194959094e-02,3.925708531310227040e-02,-3.612058206419899165e-02,-5.214444829308900742e-02,3.868312072845057903e-02,7.662018850616980625e-02,-1.464534461868350831e-03,-1.092092758910796421e-02,3.528100551816157338e-02,2.468614621215695429e-02,-2.607006079007909843e-02,-1.586551230338437146e-02,-5.574395640087050421e-03,6.144336861969375285e-02,8.857031884004110817e-03,8.656753498367860539e-03,-1.788159250056885891e-02,6.291327499800977718e-02,-2.445555926159940704e-03,-7.746982920515804727e-02,7.286494015637891286e-02,-5.054504579875938874e-02,4.171566843300394609e-03,-2.459159566721897186e-02,2.100313705106221507e-02,-4.997195432353824379e-02,1.899611202284894051e-02,-8.666476423207114532e-02,4.368980833898435286e-03,9.820424452901393986e-02,1.181239303444946709e-01,1.282684412314801792e-01,-2.379294788607707115e-02,5.805148819139019367e-02,-5.772213006490785336e-03,2.262407519061771996e-02,-5.086628131264789993e-03,-1.899622843291659535e-02,1.667322790452349657e-02,-2.966253715080376281e-03,5.947973212884874461e-02,5.511548099408508650e-02,-9.970309749383017561e-03,1.821522850556242176e-02,4.127371811987830957e-02,1.708696231790044970e-02,-3.102438134232916173e-02,1.190806361087101001e-01,-9.961716547452561382e-03
2.250918643384272333e-01,1.943133175483824915e-01,6.107810263370939963e-02,2.245756193765420516e-02,5.894906220305527744e-02,-3.087250991121838137e-02,-6.759796551122616848e-02,-2.842891816895967705e-03,-8.788058798738673794e-03,0.000000000000000000e+00,-1.581614961221362164e-02,-1.065305593057312011e-02,-1.670143824224094853e-02,-1.798892107424139922e-02,-6.925407829198373943e-02,-5.272832047278509099e-02,9.013603315175661157e-02,4.917995601773350600e-02,-4.579531491449675973e-02,1.513344008846727838e-02,-1.086512043916409639e-02,-1.631846866501623222e-02,7.884899794923565242e-02,2.226222218292798205e-01,2.027620293041949157e-02,6.098875154121888124e-03,-9.412172682330027448e-03,-8.031150198975694349e-03,-5.650308522524668392e-02,6.122280704607838131e-02,-3.390851242733328164e-02,1.621076312756439819e-01,7.371484422772153766e-02,-1.427034461884474532e-02,2.175080211529018259e-01,-2.596414448876405850e-02,4.845230630543483595e-03,-1.803926486329596526e-02,6.311800360131341638e-03,-2.860723316096430713e-02,9.129395520425373153e-03,-2.010368674387629298e-03,-3.253175581485415885e-04,-5.028784586993543387e-02,-5.116136096243015241e-02,-6.727667780781709794e-02,-2.298105808120783425e-02,-8.756008345950836574e-03,5.627131303122204047e-03,-6.469231685414017410e-04,2.240955291214959816e-02,-2.258928010715339704e-02,-2.247643132342010824e-02,2.415678094716553620e-02,-1.605212308886938555e-02,1.900658219262027493e-02,4.073048668968285574e-02,-2.072031269948746736e-04,1.510077887595733803e-01,-1.933569172908619627e-02,-2.923476186994304962e-03,8.305609248489215224e-02,8.361030227253421487e-02
1.280030529895002933e-02,-1.489108287829319852e-02,1.266072366480927025e-01,4.171435388207433981e-02,3.754478541794608465e-02,-1.687104175762806427e-02,-3.181816113849686434e-02,-1.292959386252520715e-02,1.063035736679880487e-02,-1.581614961221362164e-02,0.000000000000000000e+00,-2.234168997651769101e-02,-3.897877399325431341e-03,-2.738913046681982003e-03,-4.591431247353187917e-02,3.604970936930561309e-02,9.217816504610839429e-03,1.039850833863879831e-01,-3.132313902567600977e-02,3.037691910006005969e-02,-2.238375849968442938e-02,5.630252864862671236e-02,1.332987849537672631e-01,8.883256656937110751e-02,-7.816852689248096620e-02,-1.453129216664653806e-02,4.384267922936068568e-03,-7.126858672369984493e-02,2.693844363981320184e-02,-9.606947525228413942e-02,1.245690025036252785e-01,-1.366237099596981364e-02,-3.342939563561629635e-02,-4.841583768271508909e-02,4.403299440857116193e-02,-2.867162909552194855e-02,4.272426246343935530e-02,-7.525008421577765449e-03,-2.243170248720313675e-02,-2.043556781980142636e-02,5.821811533989681986e-03,-1.576575481047076677e-02,-1.249700740298240360e-02,6.048308628467384974e-04,1.129753828982183461e-01,4.444271717429848501e-02,-3.936537473654169728e-02,-2.266129463460993601e-02,7.694875878186449580e-02,1.716522164367522696e-01,-1.567680645690364485e-02,-3.589018045888769937e-02,4.190836091188350487e-02,1.477493087982932329e-01,-4.740071349189182298e-02,-5.814117639071754440e-02,6.871544316687408505e-02,-4.912060157797481369e-02,5.894921943034221734e-02,2.856652745632316526e-01,-4.943204658553226882e-02,-9.268470912437081627e-03,-4.072507308779545893e-02
1.863357403215750163e-01,9.769095078018059930e-02,-3.444989558350017300e-02,-1.576720287832006351e-02,-1.641993946023803663e-02,-6.886929625175916558e-02,-8.721895419527705973e-02,-2.578154926982759165e-02,-3.445839944794467508e-02,-1.065305593057312011e-02,-2.234168997651769101e-02,0.000000000000000000e+00,4.067670725989466253e-03,3.137003398051991729e-03,4.132082065429903972e-02,-1.088836387652943050e-01,-7.054701049495418208e-02,-5.845697091795240552e-02,-4.996974293073379314e-02,-7.313167663663493190e-02,3.187312197467285363e-02,-4.638476537785092557e-02,-1.324895458144475721e-02,5.474004823355650695e-02,-4.212542954621185248e-02,-4.013011549225328073e-02,-4.325514271291474450e-02,4.899135745583670098e-02,-6.454762842210282070e-02,2.886699785865707787e-02,-7.581920614485831988e-02,-7.519220977990136862e-03,3.162930763630858455e-02,-5.368716426651681112e-02,7.039767633800786406e-02,-1.076364480764765291e-02,-3.596655186064417597e-03,-2.947247403708213448e-02,-4.093629305576375332e-02,-5.029881351838686593e-02,3.811424966872417608e-02,1.157395976454109708e-02,-2.370982573135950802e-02,-4.670162227933608717e-02,-1.080905649208437624e-01,-6.775208621926220864e-02,-4.145003276496107142e-02,4.600847922814854662e-02,-9.805298930946265007e-03,-1.551977708378061635e-02,1.269937623457735240e-02,-2.312432997553180714e-02,-2.192829282384827633e-02,1.143230619071309434e-02,4.477532403158231145e-02,-2.345348857846401430e-02,-4.370507152333760748e-02,-1.210051994528931613e-02,1.784877940786208303e-03,3.932284256324886790e-02,1.198423231363862640e-03,3.023034765607035199e-04,3.249945030981613026e-02
2.303002126528508886e-01,5.751855938818242059e-02,-7.846866530292727349e-03,-3.509638114750592529e-03,-1.129402297179322827e-02,-4.580478138582476377e-02,-7.262851032721612254e-02,1.154576593986206094e-02,2.946005349947991916e-02,-1.670143824224094853e-02,-3.897877399325431341e-03,4.067670725989466253e-03,0.000000000000000000e+00,-1.327601389523826170e-02,-4.480926859859196698e-02,1.188754115217267315e-01,6.648333296526430514e-02,1.917213630866306251e-01,-5.210675454873420730e-03,1.307475036631671264e-02,5.351127446479858607e-02,1.566299847622451558e-02,9.863213684973219653e-02,6.851877604774958552e-02,-2.740275412907465513e-02,-2.010344233631604360e-02,4.450422092894327358e-02,3.382843639219024895e-03,-7.564849574546080035e-02,9.958968525516634016e-03,5.162143001193146563e-02,-2.524903254007638057e-02,9.747879434303251267e-02,-4.778616932389245786e-02,1.410500558373981583e-01,-2.773827756331644426e-03,8.223458994561410121e-05,-4.669972560703002096e-02,9.293096297461136274e-03,-9.603406623192327699e-03,1.622693859180782405e-01,-3.794955155003469638e-02,-4.036382514404761312e-02,-2.596513390285744641e-02,-4.048602982782675830e-02,-8.983578963392042926e-02,-5.542298432058410940e-02,1.274943720920458309e-02,-2.134770650592541716e-02,9.968123542774481871e-02,-4.767319506445152205e-03,6.433242405482479664e-02,-3.969329512581444563e-02,2.119408436731305967e-01,3.059415993262967065e-02,-2.799840323726004651e-02,-7.364822869952509154e-04,1.026428231443946015e-02,2.321532310755379525e-02,-9.878186637573961246e-03,-2.547462405738432425e-02,5.810956037425731024e-02,-4.053618092074975920e-02
-4.258752939893228201e-02,-1.417086790845292071e-02,1.314376745075891695e-01,-3.862700863936204855e-03,1.055994110723591228e-01,-4.295627796176312158e-02,-4.399356274597313737e-02,-3.735753524567603928e-02,5.889734780945974496e-02,-1.798892107424139922e-02,-2.738913046681982003e-03,3.137003398051991729e-03,-1.327601389523826170e-02,0.000000000000000000e+00,-2.798238395389218702e-02,-8.728162923169961729e-03,-5.558705967814623478e-02,-5.442246094607827711e-02,-7.209714773482540917e-02,3.827931932974528578e-02,7.608305833176289348e-03,-1.676724100127201939e-02,-9.210491688104257071e-03,2.009117565282214635e-02,-1.733928961328359483e-02,-2.334448816275672481e-02,-7.559089168210708989e-04,3.530571610417303219e-02,5.257815520822541749e-02,-6.548374849957735999e-02,5.887476115360932433e-02,1.218320854804548492e-01,-3.501409155462081868e-02,-5.260453278840578756e-02,3.030390279645274812e-03,-2.893233910295260614e-02,-5.987679530995578328e-03,3.376891906350365513e-02,-2.156856187319210194e-02,-1.600905971047137180e-02,7.916912933089609306e-02,1.173297702456573173e-02,-2.533632240671007327e-02,-1.241922992746101982e-02,-3.349368746813773806e-02,-4.730646447017181067e-02,1.092905471172566680e-02,1.155987311874610499e-02,-2.267064946051695895e-02,1.127776383179126263e-01,4.084326169539084783e-02,-1.930643296617905180e-02,2.153218602857585179e-03,-8.729818884795256459e-03,-3.240489676875067671e-02,3.158552918789040570e-02,-2.017493871422260804e-02,-1.523247311850267974e-03,1.090241337564109951e-04,-3.225759412366834694e-02,3.971114463281837786e-02,2.289527187495495331e-01,-4.687487679060486218e-02
1.352242921755407723e-01,-4.458607246512649551e-03,2.131119662729185835e-02,-2.121751189909315896e-02,-7.944137724253429178e-02,-3.854339532980231853e-02,-5.166682966323898202e-02,-6.836774213000232359e-03,-1.933798369194959094e-02,-6.925407829198373943e-02,-4.591431247353187917e-02,4.132082065429903972e-02,-4.480926859859196698e-02,-2.798238395389218702e-02,0.000000000000000000e+00,-1.126108195521464822e-01,-7.070095070878747168e-02,-7.922065477525963573e-02,-6.899846660587351244e-02,-7.689729790871734083e-02,-1.077354396572789003e-02,3.876999598996142687e-02,-1.835003062895140466e-02,1.751766321828450712e-01,9.948681549205298791e-02,1.036597214202446098e-02,-3.091072755467650854e-02,5.719329467893154162e-02,-2.691323760097460646e-02,1.829132060559791606e-01,-3.211095847656412344e-02,4.903091556110631549e-03,-9.817690177878337504e-03,-3.205682190390250763e-02,1.299456868652093533e-01,-1.312903287113036110e-02,2.488377974305900665e-03,-2.368421879518906384e-02,-1.946606175221056098e-02,-6.006382885139389255e-02,-5.860528309118451587e-03,-3.800757048969954227e-02,2.801962148670285660e-02,-9.467661763770753025e-02,-9.916407052753110907e-02,-8.163734148750714792e-02,2.890737640999863078e-02,1.912171904149075063e-01,-4.943665846528141200e-02,-1.022168612243222474e-02,-2.209164608579300762e-02,3.410119131660820091e-02,-3.696014206703546190e-02,1.380630365500097601e-02,3.198041845198989347e-02,-3.990847408632957477e-02,-1.125169715353147373e-02,1.524052314737076377e-02,1.189278563811659306e-01,-4.296691183063235109e-02,2.002406698693238660e-03,6.569142730680961953e-03,7.533956114886732058e-02
1.044969375375780773e-01,1.157799850549748322e-02,-8.326992255131353618e-03,-2.635639911384557790e-02,-2.313226237240096836e-02,-2.264559425284485769e-02,-4.455312929092887508e-02,6.609587797468799431e-02,3.925708531310227040e-02,-5.272832047278509099e-02,3.604970936930561309e-02,-1.088836387652943050e-01,1.188754115217267315e-01,-8.728162923169961729e-03,-1.126108195521464822e-01,0.000000000000000000e+00,-2.267838662100105651e-01,-2.732419921383091865e-01,1.273179303522596617e-02,-2.838421939192939392e-02,1.004330296336726214e-01,-1.779930655722504473e-02,-1.043841781135536675e-02,1.275405207218183699e-02,9.500756516815650130e-03,3.567833443917997616e-02,5.635740565271032954e-02,6.507374783273434105e-02,-2.762502885909733780e-02,3.203282856526367545e-02,-4.683741098958098953e-02,-2.606903514296464441e-02,-2.740882460876357951e-02,5.962749537906854302e-03,-1.082859340521733112e-02,-1.962852718583833062e-02,3.274347827171952136e-02,8.597174518316316044e-03,-5.216348876102363391e-02,-3.093218350611205703e-02,1.144815220133264810e-02,1.344467184953742830e-02,-1.684622726087659297e-02,-2.690489341812742075e-02,-1.302680531555067411e-01,8.883927662032999051e-02,-7.870548740479717253e-05,3.381312347581320044e-01,-1.021275534915331087e-02,-2.745059326870125799e-02,3.003121864559395518e-03,1.503805166650907799e-01,1.490993726992991819e-01,3.613489020527561879e-02,9.952754988647820322e-02,-1.622876711133232341e-02,-2.266867681079307376e-02,4.825464916632656726e-02,9.001706996706868892e-04,9.339462899447700112e-03,2.068248171249870149e-02,1.078780856739088717e-01,-2.846299481632837830e-02
5.779240393987053470e-02,6.692588574661460094e-03,1.186595271505724858e-02,-4.984536556657419293e-02,-4.775389568380781352e-02,-6.831492576910466741e-02,-1.167996821611742009e-01,1.010382055861920418e-02,-3.612058206419899165e-02,9.013603315175661157e-02,9.217816504610839429e-03,-7.054701049495418208e-02,6.648333296526430514e-02,-5.558705967814623478e-02,-7.070095070878747168e-02,-2.267838662100105651e-01,0.000000000000000000e+00,-7.039279344821458562e-02,-9.553466997594028953e-02,-9.476439899012219226e-02,1.307113673221396988e-01,-7.765240125316673347e-04,-1.961111361414399901e-02,6.329636101415016605e-03,-6.389275791535019636e-03,4.213197399216064842e-04,-4.540786021102044545e-02,7.371166773542435491e-02,-3.227826131460465042e-02,-4.180850687786098752e-03,-6.998709196679236966e-02,-4.245163178745136462e-02,2.173330019759053475e-02,-4.880275770498623128e-02,-4.381422336741562507e-02,-2.119106684512085670e-02,2.595101789835880385e-02,-2.977483178014737192e-02,-4.898886140675966921e-02,2.220750112946867985e-02,-3.822266723204834765e-02,4.614123461731968988e-03,1.677752287955115718e-02,1.920272091026408584e-02,-8.974928104693688513e-02,-1.703140152029944399e-02,-4.454454881468706412e-02,7.706793991780647168e-02,1.714080401527363628e-01,1.077655895226520832e-01,2.902937135196596852e-02,-7.493500829695351473e-02,1.280978989401461154e-01,3.962194952925626040e-02,4.679011814127956304e-02,-4.518264865791307011e-02,1.181753901490063818e-02,-1.322369972974684477e-02,-1.225497988006867510e-02,-3.164028222832686310e-02,2.146477729492722239e-02,3.370821891968731748e-02,-2.565459387466841393e-02
9.125096918500476273e-03,2.502834055233561783e-02,3.441128626797847201e-02,5.541825019892990256e-03,4.459510252010239623e-02,-9.073081563106365210e-02,-1.306520931648633976e-01,2.491340460269429735e-02,-5.214444829308900742e-02,4.917995601773350600e-02,1.039850833863879831e-01,-5.845697091795240552e-02,1.917213630866306251e-01,-5.442246094607827711e-02,-7.922065477525963573e-02,-2.732419921383091865e-01,-7.039279344821458562e-02,0.000000000000000000e+00,-5.304099606919037563e-02,-3.045714373233542396e-02,8.177061838520408021e-02,-5.849446425522013965e-02,-3.109605573369876239e-02,-3.538373977246662277e-02,1.202738578919899243e-02,2.027889709744909799e-02,-4.199777942119934521e-02,5.781717421412217728e-02,1.758673299124815376e-02,-3.680143117645118950e-02,-8.942448780805394015e-02,-4.436755934847255028e-02,2.847274727276474619e-03,-4.854234077362554189e-02,-6.502402941738455455e-02,-2.298888395745195962e-03,-4.556556795771821503e-03,-3.474159907738760822e-02,4.190233723109623026e-02,-1.757067207835465508e-02,2.875038219041074067e-02,2.189725971666045198e-02,-7.887762040292109478e-03,3.868955644721385617e-02,-6.291634717367045049e-02,9.501221437709171658e-03,-5.796591068732415836e-02,1.149922273120259145e-02,-2.536727544406894470e-03,2.345532974122931380e-01,3.275021760329674403e-02,-1.043560972135181841e-01,1.975801797480851718e-01,6.650044258873610836e-02,7.300856571330953393e-02,1.244303300722863527e-02,-1.838881268672641622e-02,4.334421755480917515e-02,-4.610341255480631881e-04,-4.888928980927653017e-02,-6.584258665638463570e-03,2.152582409858738027e-02,-6.606946839255931070e-02
2.169154651391212198e-03,-1.777864584190938513e-02,1.998685168691706135e-02,9.421529320825551557e-02,6.444502770928409174e-02,-2.689190340273865318e-02,3.961826361876437559e-03,-5.346030140696042370e-04,3.868312072845057903e-02,-4.579531491449675973e-02,-3.132313902567600977e-02,-4.996974293073379314e-02,-5.210675454873420730e-03,-7.209714773482540917e-02,-6.899846660587351244e-02,1.273179303522596617e-02,-9.553466997594028953e-02,-5.304099606919037563e-02,0.000000000000000000e+00,5.160956200045581366e-02,1.061080097571721059e-01,-1.541037324439229958e-02,-1.647242360552142112e-02,-3.662237775827806123e-03,-3.382482619781022881e-02,1.552952237777180562e-02,3.803308926122987363e-03,-5.754214296231304794e-04,6.178150211740182640e-02,-2.015524718984298622e-02,-1.106781039998932376e-01,-2.578549690343091144e-02,-1.935740215291018029e-02,-3.670777050519480333e-02,-2.446269440557500771e-02,-1.662129249953265067e-02,5.865047589122744653e-02,1.318883296374337433e-01,-2.898183959807603544e-02,-3.007870800498236089e-02,-4.585351780192013782e-02,5.506701699910921018e-03,-3.514434255230725751e-02,-6.986147912348569800e-02,6.628967613948097415e-02,6.831724459853368014e-02,-3.187491597454102793e-02,-5.083535314019438367e-02,-5.409046617396267437e-02,-1.529871685181114459e-03,-4.934900261134671229e-02,-7.410203217418037322e-03,1.134929421139707906e-01,8.733833469816684736e-02,3.032812860851507447e-02,-5.865629734301162218e-03,-1.764713512364688569e-02,-1.720620023129708701e-02,1.471326363532466860e-02,-4.331411877570286867e-02,-6.955238068301045073e-02,-1.267594309479630650e-02,-3.786406173560866173e-02
3.459384468277412750e-02,-2.423446529566570390e-02,1.629383416990118350e-02,6.098285408887900438e-02,6.784962317358679551e-02,-1.355885120324022176e-02,-2.454578898921740138e-02,-2.448030838048217625e-02,7.662018850616980625e-02,1.513344008846727838e-02,3.037691910006005969e-02,-7.313167663663493190e-02,1.307475036631671264e-02,3.827931932974528578e-02,-7.689729790871734083e-02,-2.838421939192939392e-02,-9.476439899012219226e-02,-3.045714373233542396e-02,5.160956200045581366e-02,0.000000000000000000e+00,-9.490036000234782984e-03,-6.445808034300018474e-04,3.144810036722593682e-02,4.657801341263276967e-02,1.662305445011224778e-02,2.310380982429061786e-02,9.693184819414866343e-03,-2.063906891377958325e-02,1.187249275034871904e-01,1.518790856917214271e-01,2.497063131343674539e-03,5.004575106840418279e-03,-2.082570758774499389e-02,-1.795176088309490686e-02,-4.059644992722236806e-02,-1.434740422831971493e-02,1.046538341797346727e-01,1.467002894291854348e-02,-2.885167732092224976e-02,-1.865324095741370883e-02,3.512574011738262697e-02,-3.690601451012728851e-02,-2.396776349499806641e-02,-4.257975677451887597e-02,-1.297089301426714025e-02,1.327189361718523752e-01,-1.426729181872982491e-02,3.128617602013521876e-02,-3.079899096559686467e-02,-2.807335303727764159e-02,-3.735681272048747142e-02,3.247080994454552144e-02,4.199562571542765632e-02,-5.920960410244873080e-03,-6.164192640851963272e-03,2.483284247493042218e-02,4.502162971618858811e-02,-1.258224135593942299e-02,1.178942368485003528e-01,-3.664494779596497165e-02,-1.122102448582086576e-02,-1.499238930622072072e-02,2.654915660877196076e-02
2.602572193049982885e-01,7.530824380605465052e-02,9.236142724426876782e-02,4.373057166872526547e-02,3.673496025587037056e-02,2.600677044955802125e-02,-2.483199619106881209e-02,1.090169960178803826e-01,-1.464534461868350831e-03,-1.086512043916409639e-02,-2.238375849968442938e-02,3.187312197467285363e-02,5.351127446479858607e-02,7.608305833176289348e-03,-1.077354396572789003e-02,1.004330296336726214e-01,1.307113673221396988e-01,8.177061838520408021e-02,1.061080097571721059e-01,-9.490036000234782984e-03,0.000000000000000000e+00,-2.907455931785479439e-02,-1.141150159218437196e-02,2.652535576445943510e-01,2.592167589330909849e-02,-3.910495355290868891e-02,1.248852946231072090e-02,-1.102312185797460833e-02,6.686055336437535246e-02,1.968375961351643277e-01,2.867798997296984176e-01,2.182503903946150792e-01,4.888733320161495199e-02,1.434550035768940648e-02,2.108413429953377438e-01,-1.681889297939185256e-03,1.761425832011748183e-02,-2.457639817772135776e-02,4.387750373091720696e-02,-1.103529722387666147e-02,7.535155819041394580e-03,2.873629344473043606e-02,-1.722137916023998294e-02,2.185946911998205150e-02,3.769340282009175924e-03,-2.173849309984947700e-03,-1.343691728615769264e-02,-1.263898549924490945e-02,5.067153278693126151e-02,1.973339338703722010e-02,-2.483338554471070658e-02,-4.508038689110310804e-02,9.268527629113376687e-02,4.915877521558756347e-02,6.679846832336193418e-02,6.477202964700329302e-02,1.266639476544954290e-01,6.820812161572840926e-02,1.721863416377020506e-01,9.854171137032480265e-02,1.142731203542103058e-01,-2.293121661992064686e-02,1.757492619108277365e-01
3.865893557256111501e-02,-3.375239611027066461e-02,-1.535238448483826866e-02,-5.966232371522788361e-03,3.786417973357701985e-04,-6.247207373688089954e-02,-8.805241978133354630e-02,-2.449715998075375697e-02,-1.092092758910796421e-02,-1.631846866501623222e-02,5.630252864862671236e-02,-4.638476537785092557e-02,1.566299847622451558e-02,-1.676724100127201939e-02,3.876999598996142687e-02,-1.779930655722504473e-02,-7.765240125316673347e-04,-5.849446425522013965e-02,-1.541037324439229958e-02,-6.445808034300018474e-04,-2.907455931785479439e-02,0.000000000000000000e+00,1.983506063777695227e-01,1.634592690277753002e-02,6.266499001780934802e-04,1.097380753545205805e-02,-1.633892508570808713e-02,-1.847319039083443470e-02,1.435439286889760718e-02,7.443901223533475053e-02,-3.145247701418459746e-02,1.382819286894624894e-04,2.233018547703120860e-02,-6.999733022126979065e-02,-4.333315313828593751e-02,-4.822417680000463253e-02,-1.130641014398325872e-02,-3.677691626851624374e-02,-4.571851998489055019e-02,-4.356695298233222852e-02,-4.778970322658525338e-03,-5.885890590891662555e-02,-3.198328405712342476e-02,1.536920244095621099e-02,3.429507548632633462e-02,8.347432628663714604e-02,-3.539717252210494713e-02,2.193501521550980660e-02,-4.888016369462067079e-02,2.089110904068849223e-02,-2.714897739955337425e-02,-2.030359252094655204e-02,6.514396180240825118e-02,-1.010954870588656046e-02,5.964096094150170974e-02,1.316749930399496449e-01,-4.128527937533027492e-02,-1.902748678321096454e-02,1.122819936215724707e-01,1.159048388805089883e-02,-3.701755962112361631e-02,-6.586767839549338352e-03,-3.062591061028434661e-02
1.964245979204300163e-02,-2.111234316989446178e-02,-5.243039747469075904e-03,-1.879217068642352519e-03,1.293981233175523632e-02,-2.523713406081784516e-02,-5.371627035430732999e-02,1.405222184978270894e-01,3.528100551816157338e-02,7.884899794923565242e-02,1.332987849537672631e-01,-1.324895458144475721e-02,9.863213684973219653e-02,-9.210491688104257071e-03,-1.835003062895140466e-02,-1.043841781135536675e-02,-1.961111361414399901e-02,-3.109605573369876239e-02,-1.647242360552142112e-02,3.144810036722593682e-02,-1.141150159218437196e-02,1.983506063777695227e-01,0.000000000000000000e+00,1.465290195628979886e-01,-2.537790372970961245e-03,7.422409051958060722e-02,2.547162617166191800e-02,-1.367912372044308850e-02,-1.399108798668961730e-03,1.258550692568503881e-01,4.181892290469672868e-02,1.905907282211635190e-01,1.867162458020025367e-02,-3.817277274736201320e-02,1.389283962674603759e-02,-2.064353764899115595e-02,1.616548645092060962e-02,6.346472688581459784e-03,-2.470688331163990725e-03,3.866094565216970924e-02,-7.808228536551966442e-03,8.862277541820787891e-03,-1.094781328152584499e-02,4.733739809047616404e-02,2.866627301112974896e-03,1.261397314787782165e-02,-1.138133583912301350e-02,-1.201376097873987567e-02,-2.385570808736984030e-02,-1.901860431465911619e-03,2.265186351634027387e-02,2.165379815857849249e-02,9.347486292870524349e-02,9.028460678092635472e-02,1.981448357417169709e-02,-1.844188436423277802e-02,7.888628269731509657e-03,2.445135739493822236e-01,1.940297139940602156e-01,-3.755454611094308226e-02,-4.555641192016294388e-03,1.863727662244475947e-01,1.365357640653666882e-01
5.833843815211342543e-02,2.934689882941520986e-02,5.985549994568570981e-02,1.194244476588228986e-02,5.011299242895554673e-02,1.311626977901220875e-02,-6.929299557934640030e-02,9.002376982964971006e-03,2.468614621215695429e-02,2.226222218292798205e-01,8.883256656937110751e-02,5.474004823355650695e-02,6.851877604774958552e-02,2.009117565282214635e-02,1.751766321828450712e-01,1.275405207218183699e-02,6.329636101415016605e-03,-3.538373977246662277e-02,-3.662237775827806123e-03,4.657801341263276967e-02,2.652535576445943510e-01,1.634592690277753002e-02,1.465290195628979886e-01,0.000000000000000000e+00,9.211574825500045208e-03,-3.738301352805439154e-02,1.713208043800212299e-01,3.707986464463568221e-02,-2.344146115660077773e-02,-2.193743583330070093e-02,-6.662094829894361914e-02,3.831153384345840213e-02,1.124168152753755520e-02,-2.426895865684562323e-02,-2.720815359503547110e-02,-1.950855845004558983e-02,9.053704349838399834e-02,-3.530447133141390026e-02,-4.139047212138878551e-02,3.880571594786239031e-02,7.567770208523362518e-02,-2.068851195434018297e-02,7.351903830506928417e-02,3.186634357584535726e-01,-2.572735613063081850e-02,9.093353391022915289e-02,-3.323956351060622372e-02,-4.197707259597408674e-02,2.741959912701605329e-02,9.946971580201920994e-04,5.687751142779844810e-02,1.692735114987804768e-02,4.979443535548995492e-02,2.063181069341952223e-01,6.158972233970593305e-03,-1.232555803164813932e-03,8.599777079223638876e-02,2.285843681524615811e-01,-1.817491886155478756e-02,-2.501581542000930886e-02,-3.127969435062850218e-02,2.098438917716393404e-01,1.395075498639899644e-02
