0.000000000000000000e+00,8.962126133684408108e-03,-1.436816727332824312e-02,-1.871582984118472237e-02,-8.949415090215805807e-03,2.157388547847008745e-02,-2.086730337532577070e-02,-1.474234431682481909e-02,-2.617641271869175588e-03,-5.797150871852395880e-03,-5.607110937749371429e-03,-1.315827096214264649e-02,-7.657196360064979362e-03,-1.266721259640202386e-02,-4.501835790874331340e-03,2.481787843582554734e-02,8.765378121616091214e-03,-2.982353430328659079e-03,6.997911762365272362e-03,-1.671089207422441977e-02,-1.251563693294128338e-02,1.585637177719031662e-02,2.287186495157763483e-02,-3.838232301277120367e-02,1.799910552313051249e-02,-1.135914653723619355e-02,-1.336937773446527332e-02,4.829922073545478423e-02,-9.993052410675629452e-03,6.322061780138651076e-03,2.331374632186646555e-03,-6.877024102989062401e-03,-1.564195116220655837e-02,-1.724910740023055666e-02,-4.258186539163379483e-03,-1.188545614119687795e-02,-1.699044483855179088e-02,3.240638004073060144e-03,-2.286034579770081232e-02,-1.331046783730622553e-02,-1.228604235917806972e-02,1.616333451949469174e-02,-1.405786307025638782e-02,2.775998662590833596e-02,3.077140266521040282e-04,1.373285178472301304e-02,-1.073495935747883351e-02,9.334528375756701024e-02,2.345282379104401960e-02,-9.421333550501075765e-03,-6.806437285619423329e-03,-8.871331422169854292e-03,-5.963294943775427660e-03,4.033190251884946620e-02,-2.845047890883384972e-02,-9.894434808473129284e-03,-1.326927278629529139e-02,3.899898684900901524e-02,-1.483233183466557172e-02,2.150924684374504875e-02,1.787058812638065569e-03,-1.935983379514207882e-03,2.205273628343879314e-03
8.962126133684408108e-03,0.000000000000000000e+00,1.836897825506335347e-02,9.424738703884971355e-03,8.110443845941301549e-03,3.476097416179024790e-02,-2.034182517541051685e-02,-1.154108017526259480e-02,-7.218066251517766228e-03,-1.913592746237424355e-02,-4.740303147591634625e-03,9.397090515835308799e-03,-2.840022745965643108e-02,-9.093079073946659999e-03,-8.410319130602623636e-03,-1.810018946842453444e-02,4.074064671063040710e-04,-3.445078458357774681e-02,-1.107725805313733783e-02,-2.510373678312814716e-02,-2.283835417264208981e-03,-2.510915011845565523e-02,-3.890953418155496807e-02,-2.491844111168154546e-03,-4.047602463431152799e-03,2.619487135693939622e-02,-3.261457527355522690e-02,-1.605885661549727450e-02,-1.728660766274704719e-02,6.588242833152484733e-03,-2.281208987607918556e-02,-1.590524725759179248e-02,2.402757481196299977e-02,-3.628667014184023230e-03,2.499114949682479034e-02,-1.724408637112287814e-03,-9.091892937679169409e-03,4.736318572572613406e-02,2.909113171645092560e-02,5.667111663327061531e-03,-8.151225252899019225e-03,7.503840148312121601e-03,-9.718221648745700367e-03,-1.096533499233550563e-03,-1.082222808752556290e-02,-3.009810800573466810e-02,-1.491130796343416789e-02,4.831406424617551432e-02,7.698860662630539059e-03,-5.709823149903283518e-02,-1.754735390204104420e-02,1.386528612173970783e-02,-1.409047820448133814e-02,-3.822495323027085001e-02,-1.623246774185306204e-02,-1.423223723736767587e-02,-4.499783836379243895e-03,1.391534775246462338e-02,8.100967089190421258e-03,-7.983645070266925242e-03,8.029371707532463598e-03,-8.367757807909777246e-03,-7.836823402608449757e-03
-1.436816727332824312e-02,1.836897825506335347e-02,0.000000000000000000e+00,-1.120501529711251387e-02,-9.388025216049946525e-03,-1.734659440434644859e-02,2.546079453778592530e-02,-1.517474217286505838e-03,-1.007698619812658417e-02,2.749862603508032577e-02,-1.133936385942163269e-02,-1.052340530351683276e-03,-1.830565635530168045e-02,3.192335937621492564e-02,-8.375134010772596364e-04,3.487200147356381980e-02,2.882560029881662059e-02,-2.779093416326416238e-02,-5.399263062138799814e-03,6.415814073820119701e-02,7.602728466687359334e-03,-5.420883397864695655e-03,-3.580482771919291790e-02,-8.664475291686282374e-03,-2.492232218633200561e-03,-1.662147398955335451e-03,-2.034970559495771769e-02,-1.501916198831635546e-02,-1.306885322575720119e-02,-8.583019303464282240e-03,-1.271686800832286073e-02,-1.259236274608250758e-02,-1.687256350370790886e-02,-2.091618796819215420e-02,-6.189456915258889809e-03,-7.118245680191405411e-03,8.059743970475667998e-03,-1.019281541288653836e-02,1.882304358349751183e-02,-1.023067118600430592e-03,4.049153735371418053e-03,1.250602816221046965e-02,-1.217280341258107634e-02,-8.810727524197857832e-03,3.564193692812990533e-02,3.696648308152127027e-02,3.561477451540681106e-03,4.801194613378673148e-02,-6.352516648468531368e-03,4.804576664017431997e-02,3.839402562662843493e-02,-1.365434039869167261e-02,1.132394882665398346e-02,-2.253168799716462681e-02,3.817910108255156455e-04,-1.249672000837127872e-02,-8.420115073468838369e-04,-6.746320700093210929e-03,-7.724612464164847675e-03,-1.337520003391434384e-02,1.616111614852823453e-02,-9.483495347301225745e-03,-1.382034667857422183e-02
-1.871582984118472237e-02,9.424738703884971355e-03,-1.120501529711251387e-02,0.000000000000000000e+00,-9.071494589302377121e-03,5.358129239711675873e-02,-3.206029522057858745e-03,-1.160427114975151434e-02,1.544253922158719816e-03,1.278337121012045573e-02,-7.750047649426211084e-03,2.716003445403123058e-03,-1.604548824538110444e-02,-5.881131444179941471e-03,-9.151036651904092753e-04,9.231360517035654394e-05,-1.038104753447796798e-02,-9.631202129715848471e-04,6.141749064095406579e-02,1.065383734747655797e-01,6.890354563732416227e-03,1.186531451424837616e-03,5.717390019568528714e-02,1.703143832121088025e-02,1.519523187265972314e-03,-1.114922808140578203e-02,-1.710397776459538638e-02,4.972016686457130658e-02,2.741673280579719554e-02,1.867189333236858248e-02,-3.842665157894465180e-03,1.598963513363235375e-02,-6.133227721019443579e-03,-4.516098570677595965e-03,-1.481137229348239437e-02,-8.450446220177432188e-03,4.369859379689690349e-02,4.580714202469451934e-02,-2.601861712669015225e-02,-1.944840451549120081e-02,1.293057403466319789e-02,1.428061424748400948e-02,-3.598066796325562373e-03,1.188816781893811680e-02,2.103422612133670766e-03,-3.698566544427019879e-03,-1.457087295869841786e-02,2.101209091808153850e-02,1.398631489626889213e-02,9.160690982521932368e-02,2.521778190834131350e-02,-7.626562480062774180e-04,-1.348493033383017271e-02,8.140582766861860498e-02,4.102465443275042645e-02,-9.592235128138884223e-03,-9.740631287505154695e-03,-4.514271827336213683e-03,1.817252538857832417e-02,4.011605446001820924e-02,9.333992627708256190e-03,1.104970181851242135e-02,2.474362649165964823e-02
-8.949415090215805807e-03,8.110443845941301549e-03,-9.388025216049946525e-03,-9.071494589302377121e-03,0.000000000000000000e+00,-2.116765076136456480e-02,2.303511935614847850e-02,-1.262721642658918772e-02,-1.407731920719005290e-02,-5.509091305592137347e-03,-6.457930803749900583e-03,-7.782433394374696153e-03,-1.212743693410553436e-02,-1.330686222061037809e-02,2.656196721858335857e-02,1.184493344137626039e-02,7.813692197036934198e-03,-4.959790330107309922e-03,-5.296181967565587179e-03,2.483341332427227433e-02,3.054869464954774322e-02,2.375993346521027873e-03,6.347048437759150209e-03,-1.072698433833567735e-02,1.123648846264751512e-04,5.045079893822027733e-03,-1.828415691346313779e-02,-1.424735415825785501e-02,-1.071462272316272852e-03,2.423725699985777166e-02,-5.910812855519208091e-03,-1.726557084366516295e-02,-8.826880267024841964e-03,-2.177231909839841273e-02,-6.722453095603051279e-03,-8.092162789025169820e-03,-8.209405421792097257e-03,-1.527298719340667785e-02,8.343325229248613542e-03,-1.247983299043234871e-02,-2.541461410413477923e-02,-1.923029971304942090e-02,-1.342033269454608047e-02,2.550785969435620179e-05,-7.821404906410027447e-03,-7.237230629255467923e-03,-7.265667888021113199e-03,-3.383370661972875948e-03,-2.294039657624860618e-02,1.316636899726497840e-02,-1.426796846474110217e-02,2.079353971734434689e-02,3.161602064867777284e-02,4.357153068546453650e-02,1.784292032061391212e-02,-7.976638132066674741e-03,-7.794756537525031337e-03,8.467322843854058895e-03,9.799012756636764701e-03,-2.205815493626210599e-02,-2.853642291829090391e-03,-2.468526578777153341e-02,-1.352825185311348419e-02
2.157388547847008745e-02,3.476097416179024790e-02,-1.734659440434644859e-02,5.358129239711675873e-02,-2.116765076136456480e-02,0.000000000000000000e+00,5.545668025044907939e-02,-2.048829526066099638e-02,-1.106499955711415760e-02,3.889481052448466591e-02,2.105160847296701568e-02,-1.023398106372348619e-02,-2.749231561916906652e-02,1.087232452541828619e-02,3.716168400000220695e-02,-4.536019084814253352e-03,7.697450471311475736e-04,-2.013675055661714314e-02,-1.097646872239402618e-02,-1.964726646196519877e-02,7.234362166104414335e-03,-1.347650610349646928e-02,-3.610422450991298410e-02,-8.731319464158698862e-03,-2.170812065596384056e-03,3.490337033418812462e-02,1.652314361718857857e-02,4.963460657659217283e-04,6.967508839407945791e-03,-9.786348935994275411e-03,-9.195520840757290607e-03,-7.802559468678792534e-03,4.096193198079847025e-02,6.399376592357498839e-02,3.911405449751979846e-02,5.034283480161478447e-02,3.565085440201070429e-03,4.213137418195496420e-02,-9.346930696762721993e-03,5.027831475979947264e-03,9.673960679352833214e-03,-2.614444484035887209e-02,-9.443294437963239973e-03,6.620187603412859209e-03,5.251256928877874944e-04,-2.356726477347878546e-02,-8.075259785470502438e-03,-3.866789836309883141e-03,-1.928276666650289781e-02,-3.067608002133538625e-02,6.608502054629885290e-03,5.597448977065672820e-03,1.907529209856519137e-03,-1.860838274552117227e-03,-1.135150378367585054e-02,-1.206199964461943282e-03,-4.438449869456049818e-04,4.547233598674283242e-03,-9.057392172036132783e-03,2.263600496493251187e-04,-2.879076687005528365e-03,-4.571126294653420595e-03,-9.063913480641743250e-03
-2.086730337532577070e-02,-2.034182517541051685e-02,2.546079453778592530e-02,-3.206029522057858745e-03,2.303511935614847850e-02,5.545668025044907939e-02,0.000000000000000000e+00,-9.381759419428566463e-03,-6.033557259063334309e-03,4.500583475111534504e-02,8.883544937171972133e-03,-2.501429265940526697e-02,-2.047573220000394045e-02,-1.133541878556217422e-02,-7.852545598913789060e-03,-1.342974876022042831e-02,7.945524153820387667e-03,-2.654521880170200576e-02,2.373017830573950424e-02,-9.946278360030336510e-03,6.362194529255443343e-04,-1.571774025390032178e-02,4.638166954945232255e-03,1.319404773917516940e-02,-1.798820161609631946e-03,-1.873282838026278305e-02,-1.334020739053715793e-02,2.445709413831603438e-02,2.515739879453077893e-02,5.175847171218103671e-02,9.783345439018456286e-04,1.728582413467472448e-02,-2.105411373487806048e-02,1.359336579677832262e-03,2.747232436359925423e-02,1.900917887782222968e-02,2.013317616842315999e-02,2.789410662330031598e-02,-4.026236831715742509e-02,-1.370285330484150889e-02,9.106835742848578413e-03,7.911262480472647241e-02,-2.460993818246232437e-02,-2.227510832488888842e-03,2.039403125601989275e-02,4.627542734213497405e-02,-9.256760316487856050e-03,-2.233717560171295455e-02,-2.931362488916695180e-02,2.175505215893479630e-03,-1.210475597220956115e-02,4.652468080679088291e-03,-3.241307309229183448e-02,-4.110410950918274436e-02,-1.300689059692631058e-02,-1.318887937662671997e-02,-1.774630922184679965e-02,-5.694878645584744090e-03,5.124091240346748122e-02,5.005734690805221931e-02,-2.075186767929024234e-02,3.159387880304714846e-02,4.508309659431553040e-02
-1.474234431682481909e-02,-1.154108017526259480e-02,-1.517474217286505838e-03,-1.160427114975151434e-02,-1.262721642658918772e-02,-2.048829526066099638e-02,-9.381759419428566463e-03,0.000000000000000000e+00,1.889832759316978708e-02,-1.696291853554393776e-03,5.431591830199680206e-03,-1.247492054062461497e-02,-8.527798700161393769e-03,-2.417378580407290346e-03,-9.931238752336365300e-03,-3.368023853638402523e-03,-1.592515660088553164e-02,-1.576372758101299287e-02,3.546334042576097106e-03,8.129313818882292694e-03,9.627227487605406059e-03,-1.307388108907918400e-02,-1.203986400335158458e-03,-1.549934939161876774e-02,-1.410244038880545045e-02,3.011278629626350928e-02,-3.785123484380619428e-04,1.993968916519039090e-03,-1.412136097753543748e-02,-9.908328118776416754e-03,-1.024050145411639114e-02,-1.087831702063232590e-02,-1.347609922718759519e-02,-5.197083048236764320e-03,-8.692422942223927348e-03,-4.800781241707983114e-03,1.310343746003902153e-03,-1.479720298204255380e-02,-1.251251014010730349e-02,-2.364692988807421629e-03,-6.517213924908657474e-03,2.927944624025087712e-03,-9.514518576395718935e-03,-7.926672919524624036e-03,2.110387322652257716e-02,-6.817188858825535061e-04,1.545476119495351429e-02,1.916137048750770613e-03,-6.956023774830032147e-03,-3.855019424862442430e-03,1.671552308233165487e-02,1.274142573451271521e-02,-4.972343782669313636e-03,-2.496791332528344037e-02,8.646295430970126795e-04,-8.559722212864325636e-03,-1.204406047787631370e-02,-1.472304793823975798e-02,-1.489806200827854463e-02,-7.305624255384494080e-03,-8.756495061895730502e-04,-1.102432850006174365e-02,-1.079865636332190751e-02
-2.617641271869175588e-03,-7.218066251517766228e-03,-1.007698619812658417e-02,1.544253922158719816e-03,-1.407731920719005290e-02,-1.106499955711415760e-02,-6.033557259063334309e-03,1.889832759316978708e-02,0.000000000000000000e+00,-1.274122734360452584e-02,3.387589617928127989e-02,-1.076123742678906925e-02,-9.916769139671738342e-03,-1.628730775687909412e-03,-3.571071240855554132e-03,-1.150032695555539171e-02,-4.324684849091443503e-03,-1.157447386354982372e-02,-1.506175821087795547e-02,-2.295220649798651591e-02,-1.433267166935755371e-02,-1.920985075520245926e-03,1.802615828320043231e-03,-2.284962776465919443e-02,1.795564617674936386e-02,3.095841258266578046e-03,9.229771849889528007e-03,-8.215203259323046459e-03,-1.235290432343307335e-02,-1.075613371808511326e-02,-1.034628306877549003e-02,-1.075093306668107283e-02,-2.680348192958289903e-04,6.936961015767030211e-03,-4.205967550885677912e-03,-4.428183785328813730e-03,5.733422793592095855e-03,2.999485764282418688e-03,1.424001063084275043e-02,2.091318465073846444e-02,-8.385701855313320782e-03,-1.801839404637264191e-02,-5.908814439273605418e-03,-7.861912809131583330e-03,-1.279044539005578032e-02,-1.291284571888440952e-02,-8.284892543304011453e-03,1.047416738574690614e-02,-1.295757611733110506e-02,-4.928231160971300456e-03,1.022329628183170358e-02,-8.863401186607172341e-03,8.752867985460804218e-03,3.561695948056788704e-04,-1.371467610584592607e-02,-5.955745809114016374e-03,5.011790517363024292e-03,-3.282178557797530566e-04,-1.780549289802728363e-02,-4.941716524322217231e-03,1.117071469021902602e-02,-1.916711083466515579e-03,-1.039272518447805979e-02
-5.797150871852395880e-03,-1.913592746237424355e-02,2.749862603508032577e-02,1.278337121012045573e-02,-5.509091305592137347e-03,3.889481052448466591e-02,4.500583475111534504e-02,-1.696291853554393776e-03,-1.274122734360452584e-02,0.000000000000000000e+00,2.684056226784869645e-02,1.122690722607059925e-02,4.961337688411168040e-02,-1.139581631568078665e-02,-1.983761671531841450e-02,1.828053193852662711e-02,-1.416467987220596490e-02,3.346091098263071634e-02,-2.833824938142344430e-02,1.263544899520159526e-02,5.832435064047224518e-03,1.092157479213146445e-02,4.918553320008862279e-02,5.298373210711661979e-05,6.233521405055752508e-03,5.952369497662758635e-02,-1.103662705361401798e-02,-1.763245634999678277e-02,1.188305624783321003e-02,-1.373197781477239476e-02,5.234152932277920389e-03,-1.110883899167926410e-02,3.208599917959524712e-03,-7.749864411223155759e-03,3.343549437605015245e-02,-1.433173686204715705e-02,6.674799816438163960e-03,8.247978214469156577e-02,3.256797168219742467e-03,8.264035702735093858e-02,-8.923362512548618352e-04,2.687145367114639194e-02,2.244676108506445285e-03,7.199778904390217657e-03,2.038938374405786791e-02,-1.527971283302830344e-02,-6.070127104116100104e-03,-4.666377786600884453e-03,-2.507689371118154882e-03,-3.020493459963552452e-03,-9.251287471634986673e-03,5.479878933108976724e-02,-1.529042610812996437e-02,4.567524829554983623e-02,-1.477614739103487625e-02,-4.495574847375916408e-03,-3.106679218885106866e-03,1.565921857225408692e-02,-7.066440209670725447e-03,-3.749956068432840593e-03,-5.321090332553908564e-06,1.558686309040474734e-02,-1.080629583425813875e-02
-5.607110937749371429e-03,-4.740303147591634625e-03,-1.133936385942163269e-02,-7.750047649426211084e-03,-6.457930803749900583e-03,2.105160847296701568e-02,8.883544937171972133e-03,5.431591830199680206e-03,3.387589617928127989e-02,2.684056226784869645e-02,0.000000000000000000e+00,-4.681620059642769074e-03,-1.401285992382462001e-02,-4.858474728357583226e-03,6.537534544972835315e-03,1.556006602390809859e-02,7.907001304114393697e-03,1.344377855802572630e-02,-1.459570613354407159e-02,-2.097657658703114790e-03,-1.274864198163303854e-02,2.980302007725551400e-02,-1.158731899907664183e-02,3.373556752935737840e-03,3.706420724439215414e-02,-1.653720269193013556e-02,-1.561037000269709790e-02,-8.758327016111068855e-03,-3.615629744605737290e-03,-6.074995857063713971e-03,1.652637942476708685e-02,-1.174429927605505353e-02,-9.304759391281341649e-03,-1.794509634414307234e-03,-1.818731471537212221e-02,2.182143760926240697e-02,-1.543086229245251018e-02,-1.972625562375794964e-02,4.813017316052817240e-02,-2.030573593024134413e-02,3.426111926568048416e-02,-1.360577125083099748e-02,-1.295523866311569516e-02,-9.596763949654233197e-03,5.733028325990441321e-02,-3.693471535978429428e-03,-1.307227527292310378e-02,-3.341563193431276030e-02,-2.683528662411191479e-02,1.878915749449140346e-02,1.232446792305847728e-02,6.405151796558293531e-02,2.653000722272626580e-02,8.068684194669648035e-03,-1.565583381238440375e-02,-1.168718013199381359e-02,-1.928713648778395198e-02,-8.744605782839504071e-03,4.991876295322526108e-04,-1.723828841436984057e-03,1.740924503266888176e-02,-5.180062685126412235e-03,-1.005348039120834355e-02
-1.315827096214264649e-02,9.397090515835308799e-03,-1.052340530351683276e-03,2.716003445403123058e-03,-7.782433394374696153e-03,-1.023398106372348619e-02,-2.501429265940526697e-02,-1.247492054062461497e-02,-1.076123742678906925e-02,1.122690722607059925e-02,-4.681620059642769074e-03,0.000000000000000000e+00,-2.285129196507572347e-02,-3.586353636225989017e-03,-1.193544220169632034e-03,-1.174892050739836068e-02,7.077501481945552841e-03,5.125441785019937274e-02,-9.026895868705541587e-03,-5.345504975897804462e-03,3.672263853795745825e-02,3.077457692858024882e-02,1.785454938587209550e-02,1.045986887794205997e-02,-3.731910371411005858e-03,6.851171822595294482e-03,1.149178829726508685e-03,-2.591884734166544860e-03,-1.074674090739025090e-03,-1.040111616190324273e-02,-8.568717842702543164e-03,-5.539560919960375036e-03,-8.835486291722956589e-03,-1.900212745931809458e-02,-8.060258506351126659e-03,2.631863005600525510e-02,1.115811584988000982e-02,-1.743357067855303560e-02,-2.410416309490064773e-02,2.171917619798261617e-02,-1.427092200481170844e-02,3.569503278541092447e-03,-1.806790347606943709e-02,-4.059179031298763493e-03,-1.271552222895662269e-02,-2.038841881523358740e-02,-1.402934708581514076e-02,1.537191026788344364e-02,3.288373616371755709e-02,-1.985666854929460726e-02,1.514172592923964701e-02,-1.990822347850713242e-04,-1.034571014482300703e-02,7.767255809101800135e-02,-1.255120265481527147e-03,-3.976148432191627634e-03,-1.350718975808908213e-02,1.989497823551958020e-02,-3.469631934499137291e-03,-4.099781388038539059e-03,1.269894014382720419e-04,-2.450615052830484950e-03,-7.439726888810517177e-03
-7.657196360064979362e-03,-2.840022745965643108e-02,-1.830565635530168045e-02,-1.604548824538110444e-02,-1.212743693410553436e-02,-2.749231561916906652e-02,-2.047573220000394045e-02,-8.527798700161393769e-03,-9.916769139671738342e-03,4.961337688411168040e-02,-1.401285992382462001e-02,-2.285129196507572347e-02,0.000000000000000000e+00,4.900864994377326575e-03,4.305885295793364376e-02,-1.239466732147043518e-02,1.942364844859370901e-02,1.639170558664540880e-02,-1.324740862074571743e-02,-5.796603546739486149e-03,-1.722348256049556145e-02,-2.641215962626610250e-02,-4.095092568288424134e-02,-2.332368536264335657e-02,-3.164587384493727177e-03,-1.018041226347566122e-02,-1.611018489100812887e-03,-3.377519047844655675e-02,-1.852846913752946231e-02,-1.420336298675037648e-02,-8.411581335556164024e-03,-1.474540767213486023e-02,-1.678029554556426800e-02,-6.641672419083627550e-03,-4.797255878980379723e-02,-2.672108640883340616e-02,-4.518519412673362851e-03,1.434011717845605667e-03,-2.493807444175624027e-02,2.450309502763372074e-02,-7.849717559080062607e-03,1.341978767195390644e-02,-1.676552236064885598e-02,1.641431948027168713e-02,3.750801491481221828e-02,1.220397118959261947e-03,2.187992312583708285e-02,-2.881802118198131119e-03,3.913509494412198593e-03,6.041247281577719758e-02,2.061189577867137898e-02,-4.812202458414449428e-03,-1.825246597933901857e-02,-3.372324395202563191e-02,-1.242346203057136805e-02,4.418933084057591505e-03,-4.464072778851595549e-05,-1.837433534169130578e-02,-2.399425746415223895e-02,-1.493424997739373379e-02,5.153457605018311669e-04,-5.869888625512398143e-03,-1.446591204610615453e-02
-1.266721259640202386e-02,-9.093079073946659999e-03,3.192335937621492564e-02,-5.881131444179941471e-03,-1.330686222061037809e-02,1.087232452541828619e-02,-1.133541878556217422e-02,-2.417378580407290346e-03,-1.628730775687909412e-03,-1.139581631568078665e-02,-4.858474728357583226e-03,-3.586353636225989017e-03,4.900864994377326575e-03,0.000000000000000000e+00,2.474958908589821628e-03,2.336801394059725631e-02,1.972102055361189040e-03,1.718939893254042839e-02,9.458907476758669775e-04,1.654029029184235847e-02,-4.717851274280692245e-03,2.522585278570285694e-03,2.801178628297721143e-02,-1.664592059018124223e-02,-1.353957701533147276e-02,-2.484625481753419563e-03,-2.157926976266027769e-03,8.851826506016461510e-03,-1.555028090597438892e-02,-3.820668802282022655e-03,-9.497647827815024549e-03,-3.471145080400836729e-03,-8.548036802011858143e-03,-7.679899830143798768e-03,7.230730996368955540e-03,4.763011675416276990e-04,2.101811886442040561e-02,4.544565628554727774e-03,1.984889478438403923e-02,-1.873957569930355394e-02,8.300628578368159788e-03,2.052966354213502098e-03,9.143797575107958167e-03,-3.954366248058883287e-03,9.054225988983826204e-03,-9.031558693276804314e-03,-1.153201816822632328e-02,-1.031340366990099455e-02,-7.508730159766125595e-03,1.006875814091314804e-02,1.731054214313204609e-02,6.909874536773202153e-03,-6.697787597808833870e-03,-2.462450276950044550e-02,7.843396078622886722e-03,4.802272690697097397e-03,-6.421232357726204369e-03,-6.107115289857288978e-03,-7.275315985142442529e-03,1.489178023120722640e-03,-2.336820799418346493e-03,-5.780031212800487012e-03,-1.081484265355057116e-03
-4.501835790874331340e-03,-8.410319130602623636e-03,-8.375134010772596364e-04,-9.151036651904092753e-04,2.656196721858335857e-02,3.716168400000220695e-02,-7.852545598913789060e-03,-9.931238752336365300e-03,-3.571071240855554132e-03,-1.983761671531841450e-02,6.537534544972835315e-03,-1.193544220169632034e-03,4.305885295793364376e-02,2.474958908589821628e-03,0.000000000000000000e+00,3.654725243380160804e-02,3.173772365557585122e-03,-2.163209939750122910e-03,2.959139307962299278e-02,6.262400296120171350e-02,-2.083369788150933686e-03,-1.421227735932216116e-02,-2.307034755206094356e-02,-2.417249463592072503e-03,1.462453092327514227e-02,-1.020355602823464630e-02,4.431230151064959565e-03,5.110666382067534375e-02,3.770882681216707055e-02,1.913589647286359496e-02,3.814485080922518090e-02,3.226612402523232857e-03,5.214650319427797942e-03,-1.329581938074962319e-02,1.736942836391840161e-02,-1.466916876330153982e-02,-1.251475226622733410e-02,1.361921432529911158e-02,-1.935636742513427780e-02,1.097281852561473973e-03,-1.607600975407793426e-02,3.320114517636798407e-02,-4.870937337567613282e-03,2.926318120698610196e-03,8.590919392557317194e-03,-1.072154441673313363e-02,-6.192830006324707981e-03,3.135787161275007534e-02,-1.215763703903109845e-02,1.304256554033820723e-02,9.639719976610210822e-03,3.362791318836077376e-02,-1.102612909388792084e-02,-4.755142193209717719e-03,1.533724896896205940e-02,-9.314741805874748523e-03,2.588427793470257296e-03,-1.135943653733811724e-02,1.300776663459679745e-02,4.549703775897224328e-02,-3.898773817560051251e-03,1.564618517074308629e-02,1.745504614573106100e-02
2.481787843582554734e-02,-1.810018946842453444e-02,3.487200147356381980e-02,9.231360517035654394e-05,1.184493344137626039e-02,-4.536019084814253352e-03,-1.342974876022042831e-02,-3.368023853638402523e-03,-1.150032695555539171e-02,1.828053193852662711e-02,1.556006602390809859e-02,-1.174892050739836068e-02,-1.239466732147043518e-02,2.336801394059725631e-02,3.654725243380160804e-02,0.000000000000000000e+00,-1.256854721221274673e-02,-3.322878339589640725e-03,-1.878709803368308270e-02,-2.970683086449623506e-02,-1.312859518319187471e-02,-1.348744589342061595e-02,9.852820990500818499e-03,-2.212175140474131711e-03,-6.508832245064559777e-03,3.654893690503571019e-02,-9.564431282826033401e-03,-2.501681396207959540e-02,2.370304049948563849e-02,3.771934222637704504e-04,-6.608552724586529842e-04,1.052119137397140858e-02,1.156159493812940198e-02,1.125144740823001699e-02,1.556852769244016985e-02,1.316881097782867001e-02,1.138344013645525843e-02,5.108106482881293389e-03,-1.077816690572800003e-02,2.044808996837330084e-02,-9.734706257848793620e-03,-5.191746199798997347e-03,-1.263726787614141353e-02,-8.086156735521389180e-03,1.880352306426315984e-02,-1.035974338092237289e-02,4.731656453218616165e-03,-7.227051397729606155e-03,-1.147212369636520495e-03,-1.580269791721644959e-02,-8.952314246285897337e-03,3.175408586339916080e-03,-1.455263979703331958e-03,-1.968065562697124404e-02,2.067613608450061952e-02,8.872309542017876860e-03,1.493044275579192420e-02,8.541120969741737567e-03,-1.003873490329157750e-02,-3.232249700047650463e-03,-7.520205843551278600e-03,8.977940198438704930e-03,1.073675497925936570e-02
8.765378121616091214e-03,4.074064671063040710e-04,2.882560029881662059e-02,-1.038104753447796798e-02,7.813692197036934198e-03,7.697450471311475736e-04,7.945524153820387667e-03,-1.592515660088553164e-02,-4.324684849091443503e-03,-1.416467987220596490e-02,7.907001304114393697e-03,7.077501481945552841e-03,1.942364844859370901e-02,1.972102055361189040e-03,3.173772365557585122e-03,-1.256854721221274673e-02,0.000000000000000000e+00,-1.177433239360992437e-02,-8.730001149610183003e-03,-5.115343846997508215e-03,2.816880085002412132e-02,1.791826228368734869e-02,1.991424105294344049e-02,3.977404418642225409e-03,1.930745321479476057e-02,-7.300390385585100441e-04,4.205847401718098427e-02,-1.318950070497024001e-02,4.039491951091399302e-03,-9.538412808294816081e-03,-1.288684974776461989e-02,-1.334868143325142892e-02,-7.392919008158858538e-03,2.775818708158377199e-03,3.609918995515215556e-04,2.561524771314480781e-02,3.623291977482761238e-03,-1.008557687684194862e-02,5.381552402354477377e-03,-1.110474166531894014e-02,-6.845014264733740098e-03,-7.520946831151356649e-04,2.310137499285112167e-02,-9.071931255192233756e-03,-5.138145890276907962e-03,-1.075637598889732545e-02,3.622800254312505321e-03,6.515719834947679250e-03,1.025090953190007856e-02,-3.325597283080696659e-02,-7.021925213099479077e-03,-5.587737271916191559e-03,3.936682414916064555e-03,4.993127218061781114e-02,1.559902721267112172e-02,-7.818890361753717475e-03,-8.921836285112647730e-03,3.025158916699854602e-05,-3.651757218771702410e-03,-1.178679458234645552e-02,1.096232116749194449e-03,-1.254395569025792967e-02,-7.558513509956953612e-03
-2.982353430328659079e-03,-3.445078458357774681e-02,-2.779093416326416238e-02,-9.631202129715848471e-04,-4.959790330107309922e-03,-2.013675055661714314e-02,-2.654521880170200576e-02,-1.576372758101299287e-02,-1.157447386354982372e-02,3.346091098263071634e-02,1.344377855802572630e-02,5.125441785019937274e-02,1.639170558664540880e-02,1.718939893254042839e-02,-2.163209939750122910e-03,-3.322878339589640725e-03,-1.177433239360992437e-02,0.000000000000000000e+00,-7.869895125731884988e-03,7.077588035357426643e-02,1.190673101862603778e-01,1.452615444410244004e-02,-1.291984890299742797e-02,-1.356743483088646007e-02,2.223600476612663107e-02,-1.886420548706178174e-02,-2.011043260656561818e-02,1.017999115502075079e-02,-6.750240189244912509e-03,-1.744305800156944336e-02,1.888620776894296693e-02,1.756934488774735889e-03,6.883713862358671956e-03,-1.340641926456465419e-02,-1.908991741107544937e-02,-1.510990465001841622e-02,9.571366020400361510e-03,-2.996380813729549591e-02,-4.648685450743937631e-02,1.538656366768734966e-03,-7.737939814948776966e-03,3.046628615175734495e-02,1.391965280896667427e-02,4.302966729561770454e-02,4.158542074292934099e-03,-1.480140378458035325e-02,1.256594578105979521e-03,-1.955070051435771686e-02,4.727320269782978729e-02,9.300876222816920058e-02,2.354394559885907706e-03,1.290228514777210650e-02,4.220112064655139050e-02,1.353561337374226681e-01,-4.192545326926311322e-03,-1.185142898055778493e-02,-2.830467668161851247e-02,-8.317470189567643252e-03,-1.324655852228923299e-02,-1.155625558480122966e-02,2.808053794423149251e-03,-1.094345668841862837e-02,-1.311352224283351790e-02
6.997911762365272362e-03,-1.107725805313733783e-02,-5.399263062138799814e-03,6.141749064095406579e-02,-5.296181967565587179e-03,-1.097646872239402618e-02,2.373017830573950424e-02,3.546334042576097106e-03,-1.506175821087795547e-02,-2.833824938142344430e-02,-1.459570613354407159e-02,-9.026895868705541587e-03,-1.324740862074571743e-02,9.458907476758669775e-04,2.959139307962299278e-02,-1.878709803368308270e-02,-8.730001149610183003e-03,-7.869895125731884988e-03,0.000000000000000000e+00,-3.271390557265976134e-02,1.625925189630242698e-02,-5.162350172540361784e-03,-1.639968998480216544e-02,-8.465247028223776837e-02,-2.488868789476443404e-03,-1.972537726873370423e-02,-3.137525584965887571e-02,8.138362484284180146e-03,7.373201334979989294e-03,3.269206906202179463e-02,-3.903259498854808659e-03,-2.770702805186238404e-02,2.945175788243814541e-02,-7.938618829224298318e-03,-1.749110125046661815e-02,3.887137702950262813e-02,6.319500567175966380e-03,-1.439440923062415556e-02,4.908135200777841156e-02,-1.972246273528696203e-03,-2.310444127086452165e-02,-3.644536852640968549e-02,-1.936439965996442428e-02,2.785929806099329137e-05,-1.955201371556187367e-02,-2.358150227348991892e-02,-2.079192268309117131e-02,-1.216142677338922715e-02,-1.426571416373456982e-02,-4.076253141474747710e-02,-2.507532347478173482e-02,2.673767517735513820e-03,1.861119268917059422e-02,-2.075468101621397859e-02,-2.703788842599879824e-02,-1.740491237051262560e-02,1.370030355554387007e-02,7.120131429300319281e-03,-3.571303652771315451e-02,-1.234942759567350667e-02,-8.412694456053257733e-03,-1.809643118353025659e-02,4.292228070834300593e-03
-1.671089207422441977e-02,-2.510373678312814716e-02,6.415814073820119701e-02,1.065383734747655797e-01,2.483341332427227433e-02,-1.964726646196519877e-02,-9.946278360030336510e-03,8.129313818882292694e-03,-2.295220649798651591e-02,1.263544899520159526e-02,-2.097657658703114790e-03,-5.345504975897804462e-03,-5.796603546739486149e-03,1.654029029184235847e-02,6.262400296120171350e-02,-2.970683086449623506e-02,-5.115343846997508215e-03,7.077588035357426643e-02,-3.271390557265976134e-02,0.000000000000000000e+00,-1.353803537673436107e-02,-2.055067770499033331e-02,-2.619231238179234311e-02,-7.732325674663986792e-02,-6.072059435500365247e-03,-1.296799126105184150e-02,1.412996790678191887e-02,1.468288676108498066e-03,-1.307867783959298230e-02,-1.815095263384131075e-02,-2.617954628730525396e-02,-5.161213170987288129e-02,5.322904564309641900e-02,2.495810391368612213e-02,-1.544664684309452612e-02,1.522390526494631358e-01,9.351949266816572334e-03,1.236973795436229276e-02,5.957825029460438182e-02,9.307169619402679006e-02,-1.151817669372990835e-02,-1.282221750144355368e-02,2.795957649671120676e-03,-7.925028983645145131e-03,-4.146599128889776401e-03,1.041237784989636553e-02,-3.719362811292801531e-03,2.642732270771958047e-02,5.629725064134971646e-02,1.102469651087201463e-01,-1.930629406045865359e-02,-2.461958335853749180e-02,-2.055204085115864415e-02,1.766526552497070524e-02,-8.358048163966559641e-02,-8.352682847829502946e-03,2.266937950531011658e-02,-5.493110519750925985e-02,-4.431376946886968204e-02,-3.162195804156705398e-02,-1.792113211116109356e-02,-5.130244619817323631e-02,-4.178374103075546686e-02
-1.251563693294128338e-02,-2.283835417264208981e-03,7.602728466687359334e-03,6.890354563732416227e-03,3.054869464954774322e-02,7.234362166104414335e-03,6.362194529255443343e-04,9.627227487605406059e-03,-1.433267166935755371e-02,5.832435064047224518e-03,-1.274864198163303854e-02,3.672263853795745825e-02,-1.722348256049556145e-02,-4.717851274280692245e-03,-2.083369788150933686e-03,-1.312859518319187471e-02,2.816880085002412132e-02,1.190673101862603778e-01,1.625925189630242698e-02,-1.353803537673436107e-02,0.000000000000000000e+00,-2.217001318643075508e-02,-1.521137974528299387e-02,1.351402314348510228e-02,2.182692985712750972e-02,1.533991580605001750e-02,1.557974538741489431e-02,-2.631891932811974283e-03,5.298850096409073174e-02,-3.475472848076664734e-03,6.060448844977273444e-03,-8.318887329385385790e-03,-9.985708249860954233e-03,-1.969722355686396795e-02,1.615364349662785221e-02,-4.566460648524897463e-03,1.136897164529873227e-03,-6.719742193673919686e-03,1.330963348055224336e-02,2.041554186523167336e-02,-7.760925686703359222e-03,-1.403913109908451820e-04,3.011333118207840803e-02,-6.629818267312003258e-03,-1.007034642793464344e-02,-1.131294816626964711e-02,1.539870259033352708e-02,4.201364465231555503e-03,1.066061934103339909e-01,4.528437595039095515e-02,-1.585418691324829224e-02,-3.078769252245124825e-03,2.781955644110303133e-02,-1.426528287532058577e-02,3.537354899439103945e-02,1.611091667235485005e-03,2.034738664802976903e-03,-2.098236969670774776e-02,3.093179874537036259e-03,7.428638631848174904e-03,-3.637912049982685442e-02,5.191414257776619592e-03,-2.912476600333683587e-03
1.585637177719031662e-02,-2.510915011845565523e-02,-5.420883397864695655e-03,1.186531451424837616e-03,2.375993346521027873e-03,-1.347650610349646928e-02,-1.571774025390032178e-02,-1.307388108907918400e-02,-1.920985075520245926e-03,1.092157479213146445e-02,2.980302007725551400e-02,3.077457692858024882e-02,-2.641215962626610250e-02,2.522585278570285694e-03,-1.421227735932216116e-02,-1.348744589342061595e-02,1.791826228368734869e-02,1.452615444410244004e-02,-5.162350172540361784e-03,-2.055067770499033331e-02,-2.217001318643075508e-02,0.000000000000000000e+00,-1.184643206749869115e-02,-5.802803294925940047e-03,-4.382698427991469498e-03,1.980779878238367667e-02,-2.626596491786683737e-02,-6.650757414702628337e-03,-8.040248472041211514e-03,-1.419678823655402301e-02,2.177463063502405038e-02,1.345156288906096745e-02,2.745103487603938255e-02,-3.208797385312925007e-03,2.292032042313232399e-04,-1.327458920143638824e-02,-1.325747328561545889e-02,-1.383666717761031575e-02,-4.381239437692222016e-02,-2.286851824608528844e-02,1.648794480237193022e-02,3.326870238073192931e-02,4.433658306309246067e-02,1.165584579628738474e-02,-7.582072689700208867e-03,-2.099326240918340108e-02,6.515605684944679801e-03,-1.719364345293428881e-02,7.028440119968811309e-04,-4.975601045272301515e-02,-8.395872940561863174e-03,-4.261888832758295442e-02,5.891568750438688773e-02,-1.080900504991572780e-02,2.177904759958254784e-03,4.112805236537569673e-03,-1.935512228077932231e-02,-1.314060094055139426e-02,-1.553222100525895183e-02,-9.269117806326939574e-03,4.283118254686384824e-02,-9.049618743208321867e-03,2.377782671212936086e-03
2.287186495157763483e-02,-3.890953418155496807e-02,-3.580482771919291790e-02,5.717390019568528714e-02,6.347048437759150209e-03,-3.610422450991298410e-02,4.638166954945232255e-03,-1.203986400335158458e-03,1.802615828320043231e-03,4.918553320008862279e-02,-1.158731899907664183e-02,1.785454938587209550e-02,-4.095092568288424134e-02,2.801178628297721143e-02,-2.307034755206094356e-02,9.852820990500818499e-03,1.991424105294344049e-02,-1.291984890299742797e-02,-1.639968998480216544e-02,-2.619231238179234311e-02,-1.521137974528299387e-02,-1.184643206749869115e-02,0.000000000000000000e+00,-7.330695285884740280e-03,-1.665378197262423060e-02,-4.694987621530622574e-02,-2.107489006165417025e-02,-2.083916022154111425e-02,-7.752406064890459206e-03,-4.541906427023643077e-03,-2.045834102864969861e-02,1.803841314373965873e-02,5.659814707728695604e-02,-1.068638678473921542e-02,-2.411445793734361132e-02,5.864740748880563695e-03,5.096693050082967517e-03,-2.091854282919575203e-02,-7.925830660449896536e-02,1.606630445991584152e-02,-2.224601730593762927e-02,1.370385164791974031e-01,-2.339075481004057599e-02,-8.884411716516351504e-03,6.576982708361192587e-02,3.532695239473741811e-02,-2.833012954652059517e-02,-3.047201440946917597e-02,4.667186605890956408e-02,-3.537555792520239578e-02,-3.117911144459203573e-02,-1.943107601053119596e-02,6.419960015386121793e-03,-2.341596208968014375e-02,-6.998196393999171760e-03,-1.600400168352532695e-02,1.026732433388795156e-02,-1.523139269747371578e-02,-1.184969859574925601e-02,-8.641363205868382233e-03,-2.106739907971193551e-02,-2.081848897584339612e-03,5.706843124869419998e-03
-3.838232301277120367e-02,-2.491844111168154546e-03,-8.664475291686282374e-03,1.703143832121088025e-02,-1.072698433833567735e-02,-8.731319464158698862e-03,1.319404773917516940e-02,-1.549934939161876774e-02,-2.284962776465919443e-02,5.298373210711661979e-05,3.373556752935737840e-03,1.045986887794205997e-02,-2.332368536264335657e-02,-1.664592059018124223e-02,-2.417249463592072503e-03,-2.212175140474131711e-03,3.977404418642225409e-03,-1.356743483088646007e-02,-8.465247028223776837e-02,-7.732325674663986792e-02,1.351402314348510228e-02,-5.802803294925940047e-03,-7.330695285884740280e-03,0.000000000000000000e+00,2.136592923098338745e-02,-1.718767617338889248e-02,-1.083681822496702918e-02,3.312702305548944487e-03,1.779910939649545498e-02,-4.376610207961920823e-02,-9.509309295967862709e-04,-7.732282739705334529e-02,-2.357774788770217872e-02,-2.907256809869405989e-02,-3.025259896313253413e-03,-1.036516879342331242e-02,2.374709123294842239e-02,-6.910580225218158727e-03,-2.943271398379220319e-02,-3.189068422742106362e-02,-2.038293975775271050e-02,-1.715239047524265772e-02,-1.141998037570160322e-02,1.753226109381391187e-02,-1.387164433801727631e-02,-1.582121602705805277e-02,-6.497170950254640628e-03,9.821885884866737859e-03,-6.140721560868353524e-03,-4.842226269615494683e-02,-3.024543013239626085e-02,6.838877062941664531e-02,4.471890722335024326e-03,-8.381316846736295428e-03,-5.203140531169930805e-02,-2.340900718674716885e-02,-9.968393470765281664e-03,2.899770678446591046e-02,-3.138325752304222532e-02,-3.695483359324215622e-02,-1.776737023872839924e-02,-4.414735107914204149e-02,-7.723437493017219768e-02
