0.000000000000000000e+00,-5.304677626988525685e-02,-6.961514489292398508e-03,-1.147901917832275069e-02,-1.853321034506898168e-02,-1.387230973031283905e-02,2.429034667379458175e-03,-2.562947338950252035e-02,-2.324463213803269757e-02,-1.005111938294550415e-02,2.925414829440407122e-02,-2.315294105263634994e-02,-3.948154583532273443e-03,-1.009748832680131339e-02,-1.627421591554728195e-02,8.289694560555116443e-03,-2.351309040972686740e-02,4.799470325081014316e-03,-3.176846387975795077e-02,-1.516973608764706632e-02,1.057215995942945574e-01,6.551105974917315056e-02,2.654593994927827161e-02,-2.836216896380190644e-02,1.498268034658205988e-02,-2.979209687494367362e-02,-2.656981851671632103e-02,1.157464895823915874e-01,-2.841912752579172502e-02,-3.145175757610729761e-02,-4.556454044926413344e-02,-1.673514040622583673e-02,-2.771893261827943974e-03,4.174360625328212178e-03,-2.780792745207941175e-02,1.133067392130771706e-02,-2.307536622762582437e-02,-2.965001154039566961e-02,3.601271461189964329e-02,-4.736991792967983235e-03,-8.308885864698693086e-03,-6.307398456500710147e-03,-8.541948595079229545e-03,-8.940999024153701430e-03,-1.010796669342295569e-02,-5.727657878526765806e-03,-1.066935516888862373e-02,-1.859407891216753247e-02,-4.320710965411554000e-02,1.618207871908506961e-03,-1.100064583684391521e-02,1.025326544706869486e-01,5.348873688596499781e-02,3.067000914755811311e-02,-1.306692341462613663e-02,1.017230941622247475e-01,-2.587080370544831212e-02,-2.758883781245814390e-02,-2.062854610732283225e-02,-1.652122429325665609e-02,-4.076460102335663360e-02,-3.688780859586330424e-02,-3.453552998020944370e-02
-5.304677626988525685e-02,0.000000000000000000e+00,-2.095094891543020088e-02,-2.786576467606963550e-02,-4.674315466564066962e-03,-4.920326756931734345e-03,-4.809696704414676699e-02,-6.191048386211059004e-03,-2.204919165029323516e-02,-2.053016176604464255e-02,-6.073429014539086235e-02,-1.437506825801141558e-02,8.333077928302942694e-03,4.179421297817956932e-02,-1.662019226333101563e-02,7.419586759302709833e-02,-2.127161566098137099e-02,6.200024583165345687e-02,-4.323089750379511403e-02,8.636493763373487287e-02,7.145618264289831101e-02,6.277960067875459904e-02,-7.474238897380845216e-03,5.682060204590792807e-02,-3.388555541930762804e-02,-3.823072142905206694e-02,5.798106148140687310e-02,1.118149621326097395e-02,-3.404833935408307227e-02,-3.293815129864278990e-02,-4.975455725700780180e-02,-4.413048652331107852e-02,-2.076175537871545115e-02,-2.488955927097721149e-02,-2.969722436857293382e-02,-4.462751660537433995e-02,-4.764933407619243756e-03,-8.105019955546190549e-03,-2.947747467105745964e-02,-3.780182941153946430e-02,-1.272629122603997215e-02,1.135105059665868221e-02,7.500327294686538748e-02,-1.663443161437470896e-02,8.269523419352897697e-02,1.952966432799854990e-01,-4.168967231177919675e-02,1.236713417683419497e-01,9.137683468227614236e-02,1.511251929830728091e-01,4.324290641433232996e-02,-4.062606319468094196e-04,4.996676132499693057e-02,1.955181455762063647e-01,1.070253465927887976e-01,-3.039236322155252149e-02,-3.468089979398565614e-02,8.424706119397611104e-02,-5.022974923826415555e-02,-2.885090587929534794e-02,-4.908629892146703505e-02,-3.927276914219789139e-02,-1.095147757620168298e-02
-6.961514489292398508e-03,-2.095094891543020088e-02,0.000000000000000000e+00,-6.120267549995625847e-03,9.533493756215520587e-02,-2.234708812551700757e-02,-4.277565315810477262e-03,5.327106058254623550e-02,3.429805923017060360e-02,1.738663068302193082e-02,-9.322168225599376454e-03,1.650628564426610823e-02,-1.387665264773720476e-03,3.437357500337193117e-02,-1.510527651287384143e-02,-2.580162684845406160e-02,-3.245260974160098233e-02,-4.608573444996114966e-03,1.384870363096635248e-02,-2.205775524533713783e-02,-2.148920462027062092e-02,3.450306006974587086e-02,-6.946208272905406329e-03,2.753496444905731769e-02,3.438821454730732127e-03,3.509803051040619876e-02,3.274142036794668031e-02,-2.835204906253432564e-02,6.377514995592287184e-02,5.487283287895537709e-02,-6.921863740821231070e-03,1.179861481272318803e-03,-2.685029861951323399e-02,-1.838259074009063188e-02,1.157141263446158537e-02,-1.439105812893747005e-02,-5.031322179265405869e-03,-6.430559964338835970e-03,-2.074170754317846560e-02,4.317114605027429566e-03,1.265461651279676247e-01,-3.373155724738166258e-03,-7.205813950664388505e-03,3.052348718549002110e-02,-6.622440522469203589e-03,2.596951101032929365e-02,1.961346754242583243e-02,-2.044666853669174778e-02,1.197399352677741835e-01,-2.616740440439310408e-02,-8.210177441288931538e-03,-3.645148375270955421e-02,8.734089474572872755e-03,-9.561422131832100768e-03,-1.600273940661382788e-02,-1.181245607402321186e-02,-1.857570015176465694e-02,-2.283307562929713305e-03,2.011074126181295815e-02,4.495932214153598727e-02,-3.226125614653529289e-02,-3.882896724800054874e-03,5.901234576656877451e-02
-1.147901917832275069e-02,-2.786576467606963550e-02,-6.120267549995625847e-03,0.000000000000000000e+00,2.372479009101815389e-02,-1.264478893529907833e-02,6.800762380435338740e-03,-3.080342051399444572e-02,1.841048947153416798e-02,-1.010339827147221925e-02,-2.457544373120682316e-02,2.035534249205162710e-02,-5.906987822340532303e-03,-1.548066703094562631e-02,1.074059003734422965e-02,4.338652637042089699e-02,-1.424716757792426555e-02,-1.545740383448069612e-02,-2.794548898915713217e-02,-2.959109186768092009e-02,1.497487762890079011e-01,1.596470118968025265e-01,7.002647581474226446e-02,-1.491919338075122295e-02,-1.675475412794023497e-02,6.796529810504409186e-02,-7.541440004378329245e-03,1.052595005600071298e-01,3.235696141413124671e-02,2.005859270299156435e-02,-2.490597414098309759e-02,3.867030749813334112e-02,1.829252303806516364e-04,-2.666854830828644784e-03,-8.565606017684851761e-03,-1.426606700888012440e-02,-5.461788505626606963e-03,-5.346784486086705000e-03,-1.766263069670840485e-02,1.003656302282883092e-02,2.334201898975114819e-02,2.499937664140092219e-02,-8.959814163681238675e-03,-2.423932665683784307e-02,1.566041808681628913e-02,-1.060348386364206967e-02,-2.154079869293621611e-03,-6.275756972906759018e-03,-1.060800085077244492e-03,-2.433575547264050717e-02,2.487877041071149403e-02,3.590033207599045706e-02,1.235641688165888680e-02,3.761893108512689293e-02,-1.705533756670796295e-03,2.030017401500766039e-01,-5.665011512451330680e-03,-2.554406296745832805e-02,3.913845758849764794e-02,2.980487707443051776e-02,-1.217242118952496788e-02,4.392971618857827165e-02,-1.267365367465870564e-03
-1.853321034506898168e-02,-4.674315466564066962e-03,9.533493756215520587e-02,2.372479009101815389e-02,0.000000000000000000e+00,-9.491804465368201826e-03,-5.596226209640901145e-04,-2.380292844246792439e-02,8.368634198540995939e-03,-1.740003295817936502e-03,1.034169085397815442e-02,-1.154974304009059004e-02,-2.932837033913344993e-03,-2.370810164531531386e-02,-2.907627938941432025e-02,-2.706486405157217112e-02,-2.754478459180631153e-02,-2.830936775996449259e-02,-1.264913384308525429e-02,8.173656483419930452e-03,1.009199605067634571e-02,4.378697298138525817e-02,-2.222469266998683413e-02,-3.823216167152364287e-02,9.701637026262211957e-03,3.504384995877256326e-02,-7.908107611167674786e-03,-5.122473748233896673e-02,2.752197890843187042e-02,2.449271371654367785e-02,-3.473246834598082977e-02,3.984244227726169846e-02,-2.085464639580242308e-02,5.378224353362257709e-02,-8.924933410953414872e-03,1.110456066243174778e-02,1.145413639173290671e-01,7.866147655966876373e-02,1.410957586377191951e-02,1.173947999256600740e-02,-2.067861278940171313e-02,-1.037304968023783532e-02,-1.133955699081034239e-02,3.370982865655446081e-02,-2.711834036056608166e-02,-1.276498655453031476e-02,7.504398923063709814e-02,-1.351518473684512741e-03,-4.884397618309276046e-02,-1.995674963886719111e-02,-3.693519726275605597e-02,-3.313956638149307549e-02,2.947480937434693998e-02,5.408852917437748792e-02,2.627217692335415480e-02,-3.064435104632780640e-02,6.927203850917751024e-03,-4.158871886645432170e-02,-2.491580217466829884e-03,1.860504740435459797e-02,3.632398825640728579e-02,5.567034953677071213e-02,1.946170438468475261e-02
-1.387230973031283905e-02,-4.920326756931734345e-03,-2.234708812551700757e-02,-1.264478893529907833e-02,-9.491804465368201826e-03,0.000000000000000000e+00,1.879117329021789441e-03,-2.459828368791371414e-02,-1.346212665240011791e-02,1.080293457610859986e-01,3.436459960382887840e-02,3.188445855217125757e-02,-1.582729210015239654e-02,3.954909010913881806e-02,-1.570062372952982579e-02,-4.801471030050260755e-03,1.308739226582541354e-02,4.488849771790082849e-02,-8.281445710838671037e-04,-2.666458234357288806e-03,8.107879184819596907e-02,-2.142571336113796576e-02,-1.636000713576744869e-02,2.438179727710595296e-03,1.286671468714314231e-02,6.440769670668547442e-03,1.490894069953856149e-02,7.049139047215345621e-03,2.559179861132220186e-03,2.175051079631436929e-02,-1.228616045261287856e-03,2.402618883163271102e-02,-1.857866985168782348e-02,-2.018232678060516774e-02,-8.781058187956400233e-04,-2.013397850231140110e-02,-5.691005142385420143e-03,1.668070312376592271e-03,5.127359792678071355e-03,-1.055723570460360798e-02,5.465268906265913912e-02,1.693289359120748669e-02,2.047440016309332728e-02,3.805338225439873490e-02,-1.192763089615023545e-02,-4.214098984193580255e-03,-1.893048683160247769e-02,-1.122400397716574218e-02,-2.678364964712862464e-02,2.894253673882012795e-02,1.983422333961171527e-02,-2.646422341400711184e-02,-1.230223223139099639e-02,4.124701172425145057e-02,4.477524727979619035e-02,1.293331688434744102e-02,6.729270406440462926e-02,1.469110448247997434e-02,2.331128358565570310e-02,5.277512657446549287e-03,-3.478888298694397807e-02,9.643981823585287896e-03,-1.319036409102512450e-02
2.429034667379458175e-03,-4.809696704414676699e-02,-4.277565315810477262e-03,6.800762380435338740e-03,-5.596226209640901145e-04,1.879117329021789441e-03,0.000000000000000000e+00,-1.824947380568122529e-03,-6.280831236696871045e-04,-7.052515108706079380e-03,-3.397586329843119840e-02,-1.095828413848953450e-02,-1.473744867172067929e-02,3.860972013042407447e-02,-1.212382679295623267e-02,3.437849386612135127e-02,7.103888649142534040e-02,4.968720237576894350e-02,1.674266544849099120e-02,1.158980659630877430e-02,-8.333975392799635243e-03,-1.255659951917660958e-02,-1.958583465526612596e-02,2.087344678504999759e-02,-2.831258344576054881e-02,-2.053392787894432400e-02,-1.054977842215142417e-02,-4.337568871936615944e-02,-4.947830482504300686e-04,1.310119645451457426e-02,-2.416282582057738271e-02,6.279978571838326987e-03,-2.469673407264727852e-02,-8.415833267494452971e-03,-1.491438172610088687e-02,-1.508082214297935819e-02,2.855047154936054404e-02,-4.413487291431596529e-03,-1.785000943815036323e-02,1.395131113378063684e-02,7.478199253609506703e-04,1.641180660102635469e-02,-3.123374761022050181e-02,4.821768239895320336e-03,2.820296405083223389e-03,-4.685484593143240430e-04,-9.971667118629496881e-03,-3.418969264680557854e-03,-1.268485249081952732e-03,3.093714362960011191e-02,-2.905893952083965504e-02,-2.297030644008316025e-02,3.099969108817628854e-02,2.908858361458037736e-02,7.576346750470983049e-02,-4.541552722172010476e-02,-8.354825110483549144e-03,1.541770614800070521e-02,-1.087788666677827476e-02,4.956690169300909804e-03,-3.087913961913888589e-02,-7.321323969946121925e-03,2.153527801608759971e-03
-2.562947338950252035e-02,-6.191048386211059004e-03,5.327106058254623550e-02,-3.080342051399444572e-02,-2.380292844246792439e-02,-2.459828368791371414e-02,-1.824947380568122529e-03,0.000000000000000000e+00,5.352833163401312516e-02,4.631800323616804514e-03,-2.246351394992276984e-02,2.362134383022066603e-02,2.857993149413790707e-02,-1.400988411015112456e-02,-1.326252546395427501e-02,-1.378081096436521713e-02,1.340034689528067299e-02,4.809376509898018182e-02,1.183210831178494772e-02,-1.243678672850996592e-02,-2.701159880715125333e-02,-2.856983755284717846e-02,-1.999516097145110499e-02,8.287167909680347166e-02,-8.988201043371921856e-03,-9.552902928497343515e-03,-2.967008621126340437e-02,-2.291743248470003158e-02,-4.422759735751305432e-03,9.367913026983691605e-04,-2.074783398870631845e-02,-8.239042731705850664e-03,-2.985403013721544402e-02,2.413604185344984249e-02,-2.610716186115057472e-02,2.332911359228009504e-02,8.528810291237179722e-03,5.106020364550343388e-02,3.776823932279999192e-03,5.956186485936815905e-02,7.801008201271730953e-03,-2.012267429474885391e-02,2.192685063784432717e-02,-1.307777314336198982e-02,-2.131064577155840356e-02,1.247354950231813198e-02,3.040117368615707569e-02,1.398914792942123828e-02,2.874700276181237774e-02,-6.150983450838455602e-03,-2.388736782968241962e-02,-3.044979645752093206e-02,-1.115605318953274971e-02,-7.630834144185442633e-03,1.567079228102612187e-02,-3.828561944242401399e-02,-2.587906740012900497e-02,-1.507237668110143584e-02,-2.179874667138549660e-02,2.150453689381930100e-02,1.006608222217316752e-02,-1.226963601930801395e-02,-3.705693715291010805e-03
-2.324463213803269757e-02,-2.204919165029323516e-02,3.429805923017060360e-02,1.841048947153416798e-02,8.368634198540995939e-03,-1.346212665240011791e-02,-6.280831236696871045e-04,5.352833163401312516e-02,0.000000000000000000e+00,1.280294548947177521e-02,-5.653513472488677291e-03,-7.916429717651427000e-03,2.867203425682039383e-02,5.242683070553150193e-02,-1.028343838315525990e-02,2.014578181618717836e-03,8.183181155939179413e-03,-1.776922356566298239e-02,-8.383564970641698560e-03,-1.692575552268412581e-02,3.392631132118957560e-02,6.953385248918411352e-04,1.319364288111551757e-02,-1.276583205257927033e-02,2.467275601371190022e-02,-1.785264417386835112e-02,-1.738481004430010232e-02,3.205624988760098770e-05,-1.871369563402647609e-02,-1.685259201188212680e-02,-6.412881530180020162e-03,-1.389277620657168935e-02,-9.404495303062421208e-03,1.926760197464642485e-02,1.544293244940522086e-02,1.682506761141145182e-02,3.773430988429549160e-02,-1.283573461620621768e-02,2.367041685552532387e-02,-1.535924386654764426e-02,3.807647912115080802e-02,-1.631901324004690623e-02,-2.241559163148151498e-02,6.903747862660217227e-02,5.343223819808985697e-02,-1.377720027313917000e-03,-1.716224131085463192e-02,8.035965260546288486e-04,2.415976394185868556e-02,-1.765887502482840765e-02,2.180225260322415926e-02,7.837255935970071849e-03,-1.401644512244236244e-02,8.420930648989726191e-04,-6.889715160480576125e-03,-3.037201786725354791e-03,-1.854087635478518514e-02,-1.893727558967385829e-02,-1.167350297824183529e-02,-2.214886647506476153e-02,-8.100732500023776969e-03,-1.683132435987629710e-02,-1.706334048939671388e-02
-1.005111938294550415e-02,-2.053016176604464255e-02,1.738663068302193082e-02,-1.010339827147221925e-02,-1.740003295817936502e-03,1.080293457610859986e-01,-7.052515108706079380e-03,4.631800323616804514e-03,1.280294548947177521e-02,0.000000000000000000e+00,8.354034013664291686e-03,7.167010658024464131e-02,-1.653429632286233103e-02,2.795802973411704029e-02,9.493120239300642527e-02,-7.929622792080455798e-03,5.407581579278880612e-02,4.037179105255787881e-02,2.669892725418441561e-04,1.976447229103710235e-02,-2.385488130917794505e-02,-2.008340441828211295e-02,-4.315911477608533851e-03,2.633934823513284923e-02,-2.211582288924694023e-02,-2.402488812634204218e-03,-9.351344990069591565e-03,-1.404212368839052177e-02,1.009747374674167530e-01,6.578012956534710909e-02,2.584782986267950694e-02,3.528556582198361102e-02,-1.663093262821803767e-02,2.493029240606855351e-02,4.071848075144704482e-02,-1.323631085012443379e-02,3.853605642816377436e-02,-2.268935587687600369e-02,-4.126649612713287688e-03,7.180669446924529964e-02,1.328438746665615289e-02,-2.251274586439768258e-02,5.872744121517374516e-02,-1.994505158978519127e-02,-1.832007919226551554e-02,-1.576972996985945286e-02,-1.299128093063229780e-02,4.371697136164334752e-02,-1.056448423688588316e-02,3.161103052127187119e-02,-2.102629787586388771e-02,7.020720667362732176e-03,-1.202547270042397982e-02,-1.084416795673296199e-02,1.070802921872048008e-02,1.407738279273959038e-02,5.483443632761754623e-03,6.094769282957358814e-03,5.442621472626509027e-02,5.077678848260672173e-02,-6.016371410819854222e-03,3.962185748379978140e-02,5.466590327384932002e-02
2.925414829440407122e-02,-6.073429014539086235e-02,-9.322168225599376454e-03,-2.457544373120682316e-02,1.034169085397815442e-02,3.436459960382887840e-02,-3.397586329843119840e-02,-2.246351394992276984e-02,-5.653513472488677291e-03,8.354034013664291686e-03,0.000000000000000000e+00,-2.447722635699845981e-02,-8.990425151959281769e-03,-1.706956582936847155e-02,7.911911176234760062e-03,-8.320913939223507656e-04,1.356730577046726949e-01,9.426136249519029287e-02,-6.116761204435981238e-03,6.699690790809795238e-02,1.006809774974491561e-01,-3.972454199875923714e-02,-1.639816623004113072e-02,-3.073741324778117220e-02,-2.718238771301308143e-02,2.029715767165970325e-02,-4.994235255771451581e-02,4.048161613461959824e-02,-3.134710742565830627e-03,-2.119506446611326561e-02,-1.191934067737559881e-02,-1.927152144631864503e-02,-1.640459735446883269e-02,-8.312723984703252258e-03,-3.407615044641818663e-02,-2.685780897714405702e-02,-1.406856288060808619e-02,-1.267050249197297293e-02,-4.718817314453634115e-02,8.875017995532753258e-04,-9.779969692482943719e-03,8.802218999410960781e-03,-9.501752406742811768e-03,1.478403041945460655e-02,3.617530069661107489e-02,1.583340902846503209e-02,-2.216198818317752228e-02,4.234616018558576625e-03,-3.799306128008361760e-02,7.562149588142719203e-02,-3.319406193904893276e-02,9.473672177289779728e-02,-5.246192138070251629e-03,-1.616053117580892179e-02,4.187399723977154598e-02,3.679748461717119445e-02,1.775634810756582249e-02,-2.064595150981344412e-02,-2.120427893558921723e-02,-1.257944654204697782e-02,-2.373952663644979949e-02,-9.902961425882301702e-03,-1.841186814679375908e-02
-2.315294105263634994e-02,-1.437506825801141558e-02,1.650628564426610823e-02,2.035534249205162710e-02,-1.154974304009059004e-02,3.188445855217125757e-02,-1.095828413848953450e-02,2.362134383022066603e-02,-7.916429717651427000e-03,7.167010658024464131e-02,-2.447722635699845981e-02,0.000000000000000000e+00,3.825371288203747999e-02,1.808368430443218003e-02,6.843690260520101515e-03,2.981268389678638081e-02,-1.094813444227076688e-02,-2.257598397035298285e-02,-7.741100873914157944e-03,-2.523770872318973138e-02,-6.508744100027075152e-02,-1.839291630387427171e-02,-5.134204156482468501e-02,3.307221018550061259e-02,-1.859540370933601000e-02,5.081494456862550857e-02,-3.119141277359772230e-02,-6.525827011553556045e-02,2.152183481582459895e-03,-5.323795106673035946e-03,-3.541493471694232009e-02,3.543835483890431237e-02,-1.856599899093914346e-02,-5.849075867485113711e-03,1.508045268032334220e-02,2.600149044502410647e-02,-1.545140475503007857e-02,-4.654332032266295278e-03,4.407832675076554102e-02,-2.496506444572044875e-02,4.698769200358119194e-03,6.318549940512149798e-02,-1.478201534218566079e-02,-5.865521292074560994e-05,4.118917200808734635e-02,6.222499736155875233e-04,-9.059682717199160629e-03,-4.597512697855590802e-03,1.949895466329958083e-02,-7.496428872771188946e-03,6.584466640236380508e-02,-4.078153098177998703e-02,1.421261453382172482e-02,5.787956339215184071e-02,6.117368993232819019e-02,-9.269827491808370346e-02,-3.255119158169084148e-02,6.930677197697465708e-03,-2.590353648866269148e-02,-1.929413834425479368e-02,-2.745417879780171280e-02,-2.948046349122762991e-03,-7.961602529803463169e-03
-3.948154583532273443e-03,8.333077928302942694e-03,-1.387665264773720476e-03,-5.906987822340532303e-03,-2.932837033913344993e-03,-1.582729210015239654e-02,-1.473744867172067929e-02,2.857993149413790707e-02,2.867203425682039383e-02,-1.653429632286233103e-02,-8.990425151959281769e-03,3.825371288203747999e-02,0.000000000000000000e+00,-1.299879337649441705e-03,-2.088061352222768396e-02,1.341563318936956142e-02,-3.236901781733624028e-02,-1.871615691999454351e-02,2.000753563566036453e-02,-2.378570495316105482e-02,2.204558968395374241e-01,-1.243410855950877539e-02,-1.666955671965147240e-02,-2.305729820786892037e-02,3.601677268068854965e-02,6.021065799165101207e-03,-2.941808657224967427e-02,2.799261212378420169e-02,-2.405483576177359223e-02,-2.313573318652279581e-02,-5.071749507996799189e-02,-2.035762667111433097e-02,-2.315056129886453040e-02,2.067682918677773984e-03,-1.299729028674465395e-02,-8.491598232000017663e-03,-1.224781740904926086e-02,8.772762701911093752e-02,-2.416586869929283551e-02,-4.086552538373119763e-03,3.158556786605658945e-02,-1.001130653239614039e-02,-1.073383106600120374e-02,-2.281853567786137210e-02,2.505003666298973031e-02,-9.567372114727041438e-03,5.367828945119778455e-02,-3.112958647554006641e-02,8.321134319380545097e-02,-1.910950643140110067e-02,1.151460841436802718e-01,7.138423210274535968e-02,1.533681034711370170e-02,2.113540801878144304e-02,-2.842606336437889999e-02,4.370568664378922386e-02,3.682273692087210948e-02,-5.392753059555391304e-02,-3.882721218940328456e-02,-4.616602847585334415e-03,2.734370791183884236e-02,-3.255633395249887818e-02,2.313406560981343119e-02
-1.009748832680131339e-02,4.179421297817956932e-02,3.437357500337193117e-02,-1.548066703094562631e-02,-2.370810164531531386e-02,3.954909010913881806e-02,3.860972013042407447e-02,-1.400988411015112456e-02,5.242683070553150193e-02,2.795802973411704029e-02,-1.706956582936847155e-02,1.808368430443218003e-02,-1.299879337649441705e-03,0.000000000000000000e+00,1.233896138039483441e-02,-7.073761769579492605e-03,-1.291393072903957925e-02,-1.424326618924945040e-02,-3.422898381002491275e-02,-1.299773238056405045e-02,1.812972627479602916e-01,1.974450448214467441e-02,-1.103413087204534355e-02,3.723230052407854040e-02,-3.254724225495465861e-02,-1.234200120340939871e-02,-1.145868461108960623e-02,9.997497303719066197e-02,-1.014360569319558468e-03,-4.913843788275286395e-03,1.352619478850571738e-02,1.313986840538613338e-02,2.155088115080278088e-02,5.224250589638648051e-02,-2.200666965006215989e-02,3.372715259341236421e-02,5.514014749243155433e-02,3.073561608264912745e-02,-4.032415596889052205e-03,1.371936021710176701e-01,-1.635556516316073739e-02,-1.488649532042288139e-03,-1.243485531043301250e-02,-1.543306700550624473e-02,-1.216134212685428956e-02,-1.020942689147601168e-02,-1.287604291492150214e-03,-2.679214078043479566e-02,-2.754415867423862588e-02,1.175198068413128502e-02,1.393616929281775961e-02,2.247120079904953854e-02,6.336766562716612816e-02,1.939023148580343303e-01,5.864780048492519715e-02,2.172045914442784498e-01,2.240185893521018379e-02,-1.889542988063424786e-02,-2.137972682065361618e-02,4.847536308589427134e-02,4.281623116257452649e-02,3.506069967370237239e-02,-3.068127203123854896e-03
-1.627421591554728195e-02,-1.662019226333101563e-02,-1.510527651287384143e-02,1.074059003734422965e-02,-2.907627938941432025e-02,-1.570062372952982579e-02,-1.212382679295623267e-02,-1.326252546395427501e-02,-1.028343838315525990e-02,9.493120239300642527e-02,7.911911176234760062e-03,6.843690260520101515e-03,-2.088061352222768396e-02,1.233896138039483441e-02,0.000000000000000000e+00,1.293760181792696362e-01,-1.082565109509575282e-02,2.859697761314105788e-02,-4.099409240664024512e-02,-2.995909847749519961e-02,7.303151030138634037e-02,-8.473986221763972829e-03,2.247182931951730717e-02,-3.764675525585306493e-02,3.513764918304514845e-02,1.324694073394818827e-03,1.239559916534052099e-02,7.854294588038049363e-02,-2.982389611146971792e-02,-2.702132722179750521e-02,5.325299943585840023e-02,-3.260962259189310875e-02,-1.667604997046685279e-03,-1.235395257058458096e-02,-5.484625783861161660e-03,1.639399951938801114e-02,-1.414081236329866285e-02,-1.350739719805838651e-02,3.255487304344031885e-02,1.473680749131807757e-02,1.555366586906231120e-02,-1.607044331024185327e-02,-3.815074175315658067e-02,1.856721609116021576e-02,-1.763914649368376539e-02,7.022814826935967758e-02,-1.607103440136563657e-02,-1.257842351451042909e-02,-4.772742678399939653e-02,-9.297071886302819832e-03,7.473958825868129430e-02,6.825709123438727238e-03,-2.043200647416339166e-02,5.293163507320747946e-03,-3.433510854772810206e-02,2.179129486577512653e-01,-9.749983902009510747e-03,-6.826138124233547752e-03,-2.577691406757308401e-02,-4.379466173510453142e-02,-3.537775700854679101e-02,-4.717310497184463297e-02,-2.026780151462269017e-02
8.289694560555116443e-03,7.419586759302709833e-02,-2.580162684845406160e-02,4.338652637042089699e-02,-2.706486405157217112e-02,-4.801471030050260755e-03,3.437849386612135127e-02,-1.378081096436521713e-02,2.014578181618717836e-03,-7.929622792080455798e-03,-8.320913939223507656e-04,2.981268389678638081e-02,1.341563318936956142e-02,-7.073761769579492605e-03,1.293760181792696362e-01,0.000000000000000000e+00,-8.722005909778906413e-03,1.658924127316119962e-02,-2.395265924963785320e-02,-1.073760418586446920e-02,-4.842779979345147867e-02,-1.035240320132084675e-02,-1.419158323434139418e-02,-8.111701871237721531e-03,4.116679859615353376e-02,-3.138223067760827212e-02,-1.873786951215183211e-02,-2.349905635575762902e-02,4.089490724258064425e-02,4.910954405351594665e-02,1.172480440045450961e-01,-1.467524745106464461e-02,1.030598539523541399e-02,-1.042242910326881926e-02,5.870686414485494498e-03,2.812607193135504939e-03,1.246879252868863044e-02,-4.080673737893437264e-03,1.115175545370136051e-02,-8.050156487953651595e-04,-2.355533784839325840e-03,-3.834546082609283004e-03,-4.053213149537642640e-03,1.106256029203037811e-02,-1.125853022268716655e-02,-1.709472869748232537e-02,2.560009176433984852e-03,1.355560572134257846e-01,1.460924032308480967e-02,2.021874828486992098e-02,-4.230216856385915492e-02,-1.878946596635715921e-02,5.859807134598261219e-03,-1.732562915843487150e-02,-7.721419210168641804e-04,-4.125327092608317703e-02,-2.882817863125984505e-03,2.189546647876772570e-02,9.982949531213136662e-02,-1.535388159365077762e-02,-1.420323240303851715e-03,2.416288245272338667e-02,2.116846868731800391e-02
-2.351309040972686740e-02,-2.127161566098137099e-02,-3.245260974160098233e-02,-1.424716757792426555e-02,-2.754478459180631153e-02,1.308739226582541354e-02,7.103888649142534040e-02,1.340034689528067299e-02,8.183181155939179413e-03,5.407581579278880612e-02,1.356730577046726949e-01,-1.094813444227076688e-02,-3.236901781733624028e-02,-1.291393072903957925e-02,-1.082565109509575282e-02,-8.722005909778906413e-03,0.000000000000000000e+00,-6.843515553356479229e-03,-3.575690016119383030e-02,-3.466851747188991195e-02,-7.577483451263888545e-03,2.267656342715109602e-02,-9.598712720270016069e-03,-2.685343023520923161e-02,-3.508712552471434515e-02,-1.219707592895191706e-03,-9.957685260506944983e-03,-2.100991608234516542e-02,-2.476039469391159986e-02,-2.749892293916524066e-02,-3.384713133264265900e-02,-3.362934886139849755e-02,-5.364856338018361877e-03,-1.839119573249558669e-03,-2.924645149562379864e-02,-2.719160911137393638e-02,-1.486741787101604484e-02,-1.075623587422378999e-02,7.360892416660216875e-02,2.183622344564400616e-02,-1.409366038104453364e-02,-2.239303964173810363e-02,-3.727879116160823236e-02,1.283677943322814909e-02,-1.987084856930721594e-02,-3.451567891713544153e-03,-2.196666662095932143e-02,-4.297094836526979197e-03,-2.442297612873412654e-02,-2.506107901314671288e-02,-1.933244447663702917e-02,-2.343450378374665327e-02,3.019567084108997455e-04,-2.803538832364711048e-02,-1.935820372904539094e-02,-3.914662284678654958e-02,-7.098081494710530362e-03,-2.375449110248272627e-02,-2.867871832287831324e-02,-3.069332357516599274e-02,3.867683877062810111e-02,-3.045916131648948588e-02,-8.883050442709809758e-03
4.799470325081014316e-03,6.200024583165345687e-02,-4.608573444996114966e-03,-1.545740383448069612e-02,-2.830936775996449259e-02,4.488849771790082849e-02,4.968720237576894350e-02,4.809376509898018182e-02,-1.776922356566298239e-02,4.037179105255787881e-02,9.426136249519029287e-02,-2.257598397035298285e-02,-1.871615691999454351e-02,-1.424326618924945040e-02,2.859697761314105788e-02,1.658924127316119962e-02,-6.843515553356479229e-03,0.000000000000000000e+00,-3.797151975513039790e-02,-2.570922477894027613e-02,5.726926441607539664e-02,-2.904687982036095392e-02,-6.642466677052370413e-03,-1.249986542694153310e-02,2.223752498995107407e-02,2.952028417915332492e-02,-1.204133922685624199e-02,-3.735087708671187834e-02,-3.807462885835438682e-02,-3.662571156422508856e-02,-2.990036297274481503e-02,-2.640061038037489621e-02,2.378056729567513961e-02,5.909008716438588632e-02,-2.120002439176938563e-02,-8.365141626064317992e-04,3.811393158083532101e-03,8.707238311753781601e-03,4.715124483439983583e-02,6.966122611910649520e-02,3.588150759328078560e-02,-7.736740883213971340e-03,-3.266764821537872232e-02,-1.043592707900461644e-02,-1.127167992830182749e-02,6.635495620831974306e-03,-2.302853922073825818e-02,-1.449565820477202033e-02,2.960796830383443518e-02,-1.759842455291652299e-02,1.411136257334460326e-02,2.465546400803591068e-02,7.855520537572673392e-03,-2.692941482506708978e-02,-1.667344846146841253e-02,2.209451734640600559e-02,-6.166406348390086889e-03,-4.004923098502741197e-02,-2.708655568921380583e-02,5.084797368185490184e-03,1.066746296299999619e-01,-2.545151214977332127e-02,-4.046468017472818618e-02
-3.176846387975795077e-02,-4.323089750379511403e-02,1.384870363096635248e-02,-2.794548898915713217e-02,-1.264913384308525429e-02,-8.281445710838671037e-04,1.674266544849099120e-02,1.183210831178494772e-02,-8.383564970641698560e-03,2.669892725418441561e-04,-6.116761204435981238e-03,-7.741100873914157944e-03,2.000753563566036453e-02,-3.422898381002491275e-02,-4.099409240664024512e-02,-2.395265924963785320e-02,-3.575690016119383030e-02,-3.797151975513039790e-02,0.000000000000000000e+00,3.229443162491103803e-02,-5.752576369559063429e-02,-1.069973893518433479e-02,2.368244683449919480e-02,5.158323917985044305e-02,1.728458401707477429e-02,-1.621352878658345251e-02,1.222642442029542864e-01,-5.995121974093680500e-02,7.619781724496871300e-02,6.793827312953866493e-02,-1.223377421343770088e-03,7.247438659409458084e-02,-2.593721867712976692e-02,5.349725460830984970e-03,7.693466255892383171e-03,1.865038447339285692e-03,-2.546711112062749818e-03,-3.333433545226084649e-02,5.715127948553262380e-04,2.956229797811238402e-02,-2.869762361789733596e-02,-3.083729717982809995e-02,-5.079910296732186026e-02,5.991784360348361392e-03,-2.666497199240754415e-02,-2.725745540670674455e-02,-3.004212500236543015e-02,-1.377003490612021923e-02,-6.042276427776946401e-02,-1.619201775538833821e-02,-1.932151549381759537e-02,-2.756426991151757905e-02,2.219126144031855277e-02,1.845823526246974100e-01,1.548715535593841175e-01,-6.030454406272772738e-02,1.325074639398900536e-02,6.349729455995481962e-03,-1.984242524366091123e-03,3.351074055277120101e-02,-1.038174390493754040e-02,5.590813658415707404e-02,2.285887832291497168e-02
-1.516973608764706632e-02,8.636493763373487287e-02,-2.205775524533713783e-02,-2.959109186768092009e-02,8.173656483419930452e-03,-2.666458234357288806e-03,1.158980659630877430e-02,-1.243678672850996592e-02,-1.692575552268412581e-02,1.976447229103710235e-02,6.699690790809795238e-02,-2.523770872318973138e-02,-2.378570495316105482e-02,-1.299773238056405045e-02,-2.995909847749519961e-02,-1.073760418586446920e-02,-3.466851747188991195e-02,-2.570922477894027613e-02,3.229443162491103803e-02,0.000000000000000000e+00,-2.083668572963141147e-02,-1.489652118433713174e-02,-1.887116625812519308e-02,1.049901127758524726e-02,-4.361524074121028716e-02,1.398073549938574217e-02,1.279470925699968953e-01,-4.414570865799812005e-02,6.220701285159400962e-02,4.251406121937455901e-02,1.008826280873231507e-01,8.489030245139195241e-02,-3.565076355844453565e-02,-2.932921691796053568e-02,5.738464029753582996e-02,-1.729727354525620667e-02,-2.507036607669784617e-02,-3.514818977410867629e-02,8.094469459020564583e-02,-2.620755482333728299e-03,-1.076257188644090708e-02,-2.147668548256148613e-02,-4.400714431161348306e-02,-6.530725987795949448e-03,-1.328407227012822454e-02,-1.646858917261697502e-02,-1.571645166140780633e-02,-5.667080341401577702e-03,7.167379204293637326e-03,-2.624194513432191039e-02,5.725562821277412062e-02,-3.419902909448994943e-02,-2.034728724093389993e-02,1.229789391816219629e-01,1.943745485565742670e-02,-6.427530315219848189e-02,2.731112159257010827e-02,1.441113618572082700e-01,2.355843806062473539e-02,-1.299626990769740982e-02,-1.562447667578863511e-02,3.539797229776110721e-02,3.524559933497995595e-02
1.057215995942945574e-01,7.145618264289831101e-02,-2.148920462027062092e-02,1.497487762890079011e-01,1.009199605067634571e-02,8.107879184819596907e-02,-8.333975392799635243e-03,-2.701159880715125333e-02,3.392631132118957560e-02,-2.385488130917794505e-02,1.006809774974491561e-01,-6.508744100027075152e-02,2.204558968395374241e-01,1.812972627479602916e-01,7.303151030138634037e-02,-4.842779979345147867e-02,-7.577483451263888545e-03,5.726926441607539664e-02,-5.752576369559063429e-02,-2.083668572963141147e-02,0.000000000000000000e+00,1.129972200342048566e-01,-8.099323910208015842e-02,2.712349631997604260e-01,1.606584962043330900e-01,3.346455287779618315e-01,-6.629309414571032955e-02,2.187550904566811227e-01,-5.293345489896136846e-02,-7.119248982846926310e-02,-4.682286913912953041e-02,1.385917538683330563e-01,-5.984295073909642881e-02,-4.958678532627740915e-02,7.957880839257919225e-02,1.954571434128671292e-02,1.041813218026458182e-01,-4.937279370403272610e-02,9.118250672579042426e-02,-1.448089558225695503e-02,2.363773094364699512e-01,2.242234629597222029e-01,5.638742055562743355e-02,1.608810418242833523e-02,4.867975063573418831e-02,4.444103891792128974e-02,2.361292735646026639e-02,1.594986617401805348e-02,2.056489225186327596e-01,5.665003099974971756e-02,4.253398058598104048e-02,-3.452293025575451507e-02,2.820430185636021991e-01,2.871853409965440806e-01,2.223196297100281660e-01,6.828837912460283821e-02,1.596752170909911117e-03,-7.641946569012349200e-02,-6.928139435879702990e-02,-7.173539730549505222e-02,7.866186208757253162e-02,2.816253950530037825e-02,-6.417597254600576617e-02
6.551105974917315056e-02,6.277960067875459904e-02,3.450306006974587086e-02,1.596470118968025265e-01,4.378697298138525817e-02,-2.142571336113796576e-02,-1.255659951917660958e-02,-2.856983755284717846e-02,6.953385248918411352e-04,-2.008340441828211295e-02,-3.972454199875923714e-02,-1.839291630387427171e-02,-1.243410855950877539e-02,1.974450448214467441e-02,-8.473986221763972829e-03,-1.035240320132084675e-02,2.267656342715109602e-02,-2.904687982036095392e-02,-1.069973893518433479e-02,-1.489652118433713174e-02,1.129972200342048566e-01,0.000000000000000000e+00,-5.417226772140336377e-02,-3.611163205527041786e-02,-5.575418814681996210e-02,1.108670805138694225e-02,-3.957501584437027320e-02,-5.642748967980344699e-02,-6.076138670460485419e-02,-8.851942084257825860e-02,-3.070078482790733129e-02,-1.719269589595069647e-02,-1.899365165879098732e-02,-1.221250174653360290e-02,6.012516209546129448e-04,-1.831547106486657375e-02,1.517182547593075026e-01,3.331940061667418990e-02,-2.605169259375361007e-02,1.606442733221615654e-02,8.237639561903482843e-02,4.798635798692185185e-03,5.795080849332282652e-04,-4.085159362183658771e-02,-1.653857543393789931e-02,-8.832699495478355672e-03,7.822215609140370507e-02,-2.921623275852004015e-02,1.369307810016679172e-01,-6.194846530575803811e-02,3.417609814028840093e-02,5.401450930601026101e-02,-1.798175187368290101e-02,-6.806781429481302548e-02,-3.687555099713418771e-02,-3.698856562238216072e-02,-5.952936483561131753e-02,-3.488398724002041672e-03,-1.016873037781501898e-01,-6.671254121871933451e-02,-1.299698396354240747e-02,-6.448401602380546271e-02,-7.450720733591353895e-02
2.654593994927827161e-02,-7.474238897380845216e-03,-6.946208272905406329e-03,7.002647581474226446e-02,-2.222469266998683413e-02,-1.636000713576744869e-02,-1.958583465526612596e-02,-1.999516097145110499e-02,1.319364288111551757e-02,-4.315911477608533851e-03,-1.639816623004113072e-02,-5.134204156482468501e-02,-1.666955671965147240e-02,-1.103413087204534355e-02,2.247182931951730717e-02,-1.419158323434139418e-02,-9.598712720270016069e-03,-6.642466677052370413e-03,2.368244683449919480e-02,-1.887116625812519308e-02,-8.099323910208015842e-02,-5.417226772140336377e-02,0.000000000000000000e+00,-4.176942404388032243e-02,7.644800886515958072e-02,-5.556471622971367874e-02,1.016128645970759137e-01,-2.481665844531052295e-02,2.100201258501665363e-02,3.576183834132225237e-02,1.115854747218397447e-01,-2.845994614114011334e-02,-2.813722360219452628e-04,-1.790440863909964139e-02,-3.150051823642178311e-02,3.647332592406975910e-02,-1.579709691401719879e-02,-5.104170389419903330e-03,-2.133058384718299755e-02,1.040143628556962699e-02,4.428428582551931919e-04,-3.052391023701987380e-02,-3.304020449669821391e-02,-3.079707518511973913e-03,-3.435500003712160799e-02,-1.994261439184314214e-02,-3.977788415264889646e-03,-1.665828458477700003e-02,-5.338521400119364269e-02,2.828081795202602722e-02,-6.145113407764660196e-02,-2.341016259133786581e-02,-2.682427302388484119e-02,7.480944862642693177e-03,-4.072147439423470100e-02,2.251680738167152404e-02,2.569878524645521564e-02,9.297312197617232932e-02,4.237059819335056016e-02,-1.165747469818021603e-02,-5.577324783466045682e-02,-3.439053610455180404e-02,-3.045256254725035860e-03
-2.836216896380190644e-02,5.682060204590792807e-02,2.753496444905731769e-02,-1.491919338075122295e-02,-3.823216167152364287e-02,2.438179727710595296e-03,2.087344678504999759e-02,8.287167909680347166e-02,-1.276583205257927033e-02,2.633934823513284923e-02,-3.073741324778117220e-02,3.307221018550061259e-02,-2.305729820786892037e-02,3.723230052407854040e-02,-3.764675525585306493e-02,-8.111701871237721531e-03,-2.685343023520923161e-02,-1.249986542694153310e-02,5.158323917985044305e-02,1.049901127758524726e-02,2.712349631997604260e-01,-3.611163205527041786e-02,-4.176942404388032243e-02,0.000000000000000000e+00,-4.863943151033152390e-02,-1.771946602864527681e-02,-3.275113626178113857e-02,-2.650866212726324736e-02,-6.660440228868386159e-02,-5.850025083101789702e-02,-4.098570473404643255e-02,-2.491707359976939179e-02,-2.680558254420194880e-02,2.295976148586476376e-02,2.255466637743028246e-02,1.513812880908561517e-02,5.345552438414773178e-02,1.471401889256610668e-02,1.060952683790258345e-03,4.705735451276584630e-02,1.117318824282586553e-01,1.774639610600535142e-03,2.664839454609223626e-02,4.047483043463103065e-03,3.394101267467470456e-02,-2.057064997287814945e-02,-1.940930371816016256e-02,-9.926213729358670385e-03,7.258640555868706157e-02,3.772426347854618972e-03,9.394692970873858018e-02,8.545209165076345093e-02,6.634862179309849138e-04,1.331075472683447558e-01,1.319091341280147689e-03,2.331531731407504929e-02,-2.192747374488731443e-02,-5.206943900499181460e-02,-6.844665881642232608e-02,-5.315594583679587870e-02,4.842642065766825099e-02,-4.422399151906863252e-02,-3.673526019795541470e-02
